210.34	9.78e-19
210.81	8.92e-19
211.28	8.06e-19
211.75	7.21e-19
212.22	6.49e-19
212.69	5.94e-19
213.16	5.38e-19
213.63	4.83e-19
214.10	4.32e-19
214.57	3.97e-19
215.04	3.63e-19
215.50	3.29e-19
215.97	2.94e-19
216.44	2.72e-19
216.91	2.50e-19
217.38	2.29e-19
217.85	2.07e-19
218.32	1.92e-19
218.79	1.80e-19
219.26	1.68e-19
219.73	1.56e-19
220.20	1.46e-19
220.67	1.39e-19
221.14	1.31e-19
221.60	1.24e-19
222.07	1.17e-19
222.54	1.12e-19
223.01	1.07e-19
223.48	1.02e-19
223.95	9.66e-20
224.42	9.28e-20
224.89	8.90e-20
225.36	8.53e-20
225.82	8.16e-20
226.29	7.85e-20
226.76	7.56e-20
227.23	7.28e-20
227.70	7.00e-20
228.17	6.73e-20
228.64	6.48e-20
229.11	6.23e-20
229.57	5.98e-20
230.04	5.73e-20
230.51	5.53e-20
230.98	5.32e-20
231.45	5.11e-20
231.92	4.91e-20
232.39	4.73e-20
232.85	4.56e-20
233.32	4.39e-20
233.79	4.22e-20
234.26	4.04e-20
234.73	3.86e-20
235.19	3.68e-20
235.66	3.49e-20
236.13	3.33e-20
236.60	3.23e-20
237.07	3.13e-20
237.54	3.03e-20
238.00	2.93e-20
238.47	2.85e-20
238.94	2.77e-20
239.41	2.68e-20
239.88	2.60e-20
240.34	2.54e-20
240.81	2.48e-20
241.28	2.43e-20
241.75	2.37e-20
242.22	2.32e-20
242.68	2.28e-20
243.15	2.24e-20
243.62	2.19e-20
244.09	2.16e-20
244.55	2.13e-20
245.02	2.11e-20
245.49	2.09e-20
245.96	2.06e-20
246.42	2.05e-20
246.89	2.03e-20
247.36	2.02e-20
247.83	2.01e-20
248.29	2.00e-20
248.76	1.99e-20
249.23	1.98e-20
249.70	1.97e-20
250.16	1.97e-20
250.63	1.97e-20
251.10	1.96e-20
251.57	1.96e-20
252.03	1.96e-20
252.50	1.96e-20
252.97	1.96e-20
253.43	1.95e-20
253.90	1.95e-20
254.37	1.95e-20
254.84	1.95e-20
255.30	1.95e-20
255.77	1.95e-20
256.24	1.95e-20
256.70	1.94e-20
257.17	1.94e-20
257.64	1.93e-20
258.10	1.93e-20
258.57	1.92e-20
259.04	1.92e-20
259.51	1.91e-20
259.97	1.91e-20
260.44	1.90e-20
260.91	1.89e-20
261.37	1.88e-20
261.84	1.87e-20
262.31	1.86e-20
262.77	1.85e-20
263.24	1.85e-20
263.71	1.84e-20
264.17	1.82e-20
264.64	1.81e-20
265.10	1.80e-20
265.57	1.78e-20
266.04	1.77e-20
266.50	1.75e-20
266.97	1.74e-20
267.44	1.72e-20
267.90	1.70e-20
268.37	1.69e-20
268.84	1.67e-20
269.30	1.65e-20
269.77	1.63e-20
270.23	1.61e-20
270.70	1.59e-20
271.17	1.57e-20
271.63	1.55e-20
272.10	1.53e-20
272.56	1.50e-20
273.03	1.48e-20
273.50	1.46e-20
273.96	1.44e-20
274.43	1.42e-20
274.89	1.39e-20
275.36	1.37e-20
275.83	1.34e-20
276.29	1.32e-20
276.76	1.29e-20
277.22	1.27e-20
277.69	1.25e-20
278.15	1.22e-20
278.62	1.20e-20
279.09	1.17e-20
279.55	1.14e-20
280.02	1.12e-20
280.48	1.09e-20
280.95	1.07e-20
281.41	1.04e-20
281.88	1.02e-20
282.34	9.93e-21
282.81	9.69e-21
283.28	9.45e-21
283.74	9.22e-21
284.21	8.98e-21
284.67	8.75e-21
285.14	8.51e-21
285.60	8.27e-21
286.07	8.04e-21
286.53	7.81e-21
287.00	7.58e-21
287.46	7.35e-21
287.93	7.12e-21
288.39	6.91e-21
288.86	6.69e-21
289.32	6.47e-21
289.79	6.25e-21
290.25	6.05e-21
290.72	5.85e-21
291.18	5.66e-21
291.65	5.47e-21
292.11	5.28e-21
292.58	5.09e-21
293.04	4.91e-21
293.51	4.72e-21
293.97	4.54e-21
294.44	4.37e-21
294.90	4.21e-21
295.37	4.04e-21
295.83	3.87e-21
296.30	3.71e-21
296.76	3.56e-21
297.22	3.41e-21
297.69	3.26e-21
298.15	3.12e-21
298.62	3.00e-21
299.08	2.87e-21
299.55	2.75e-21
300.01	2.63e-21
300.48	2.50e-21
300.94	2.37e-21
301.40	2.25e-21
301.87	2.12e-21
302.33	2.01e-21
302.80	1.92e-21
303.26	1.82e-21
303.73	1.73e-21
304.19	1.64e-21
304.65	1.56e-21
305.12	1.48e-21
305.58	1.40e-21
306.05	1.32e-21
306.51	1.26e-21
306.97	1.19e-21
307.44	1.13e-21
307.90	1.06e-21
308.37	1.01e-21
308.83	9.52e-22
309.29	8.98e-22
309.76	8.42e-22
310.22	7.94e-22
310.68	7.51e-22
311.15	7.07e-22
311.61	6.64e-22
312.08	6.22e-22
312.54	5.85e-22
313.00	5.48e-22
313.47	5.10e-22
313.93	4.74e-22
314.39	4.47e-22
314.86	4.22e-22
315.32	3.98e-22
315.78	3.74e-22
316.25	3.51e-22
316.71	3.30e-22
317.17	3.09e-22
317.64	2.87e-22
318.10	2.67e-22
318.56	2.50e-22
319.03	2.33e-22
319.49	2.16e-22
319.95	1.99e-22
320.42	1.88e-22
320.88	1.78e-22
321.34	1.68e-22
321.81	1.58e-22
322.27	1.48e-22
322.73	1.37e-22
323.20	1.26e-22
323.66	1.16e-22
324.12	1.06e-22
324.58	1.00e-22
325.05	9.43e-23
325.51	8.84e-23
325.97	8.24e-23
326.44	7.74e-23
326.90	7.27e-23
327.36	6.79e-23
327.82	6.32e-23
328.29	5.87e-23
328.75	5.45e-23
329.21	5.03e-23
329.67	4.61e-23
330.14	4.23e-23
330.60	3.97e-23
331.06	3.72e-23
331.52	3.46e-23
331.99	3.20e-23
332.45	3.02e-23
332.91	2.84e-23
333.37	2.67e-23
333.84	2.49e-23
334.30	2.36e-23
334.76	2.25e-23
335.22	2.14e-23
335.69	2.03e-23
336.15	1.92e-23
336.61	1.80e-23
337.07	1.67e-23
337.53	1.55e-23
338.00	1.42e-23
338.46	1.33e-23
338.92	1.24e-23
339.38	1.15e-23
339.84	1.06e-23
340.31	1.00e-23
340.77	9.65e-24
341.23	9.25e-24
341.69	8.86e-24
342.15	8.47e-24
342.62	8.07e-24
343.08	7.68e-24
343.54	7.29e-24
344.00	6.90e-24
344.46	6.46e-24
344.92	6.03e-24
345.39	5.58e-24
345.85	5.14e-24
346.31	4.88e-24
346.77	4.69e-24
347.23	4.51e-24
347.69	4.32e-24
348.16	4.20e-24
348.62	4.20e-24
349.08	4.20e-24
349.54	4.20e-24
350.00	4.20e-24
350.46	0.00e+00
350.92	0.00e+00
351.39	0.00e+00
351.85	0.00e+00
352.31	0.00e+00
352.77	0.00e+00
353.23	0.00e+00
353.69	0.00e+00
354.15	0.00e+00
354.61	0.00e+00
355.08	0.00e+00
355.54	0.00e+00
356.00	0.00e+00
356.46	0.00e+00
356.92	0.00e+00
357.38	0.00e+00
357.84	0.00e+00
358.30	0.00e+00
358.76	0.00e+00
359.22	0.00e+00
359.68	0.00e+00
360.15	0.00e+00
360.61	0.00e+00
361.07	0.00e+00
361.53	0.00e+00
361.99	0.00e+00
362.45	0.00e+00
362.91	0.00e+00
363.37	0.00e+00
363.83	0.00e+00
364.29	0.00e+00
364.75	0.00e+00
365.21	0.00e+00
365.67	0.00e+00
366.13	0.00e+00
366.59	0.00e+00
367.05	0.00e+00
367.51	0.00e+00
367.97	0.00e+00
368.43	0.00e+00
368.90	0.00e+00
369.36	0.00e+00
369.82	0.00e+00
370.28	0.00e+00
370.74	0.00e+00
371.20	0.00e+00
371.66	0.00e+00
372.12	0.00e+00
372.58	0.00e+00
373.04	0.00e+00
373.50	0.00e+00
373.96	0.00e+00
374.42	0.00e+00
374.88	0.00e+00
375.34	0.00e+00
375.80	0.00e+00
376.26	0.00e+00
376.72	0.00e+00
377.18	0.00e+00
377.63	0.00e+00
378.09	0.00e+00
378.55	0.00e+00
379.01	0.00e+00
379.47	0.00e+00
379.93	0.00e+00
380.39	0.00e+00
380.85	0.00e+00
381.31	0.00e+00
381.77	0.00e+00
382.23	0.00e+00
382.69	0.00e+00
383.15	0.00e+00
383.61	0.00e+00
384.07	0.00e+00
384.53	0.00e+00
384.99	0.00e+00
385.45	0.00e+00
385.91	0.00e+00
386.36	0.00e+00
386.82	0.00e+00
387.28	0.00e+00
387.74	0.00e+00
388.20	0.00e+00
388.66	0.00e+00
389.12	0.00e+00
389.58	0.00e+00
390.04	0.00e+00
390.50	0.00e+00
390.96	0.00e+00
391.41	0.00e+00
391.87	0.00e+00
392.33	0.00e+00
392.79	0.00e+00
393.25	0.00e+00
393.71	0.00e+00
394.17	0.00e+00
394.63	0.00e+00
395.08	0.00e+00
395.54	0.00e+00
396.00	0.00e+00
396.46	0.00e+00
396.92	0.00e+00
397.38	0.00e+00
397.84	0.00e+00
398.29	0.00e+00
398.75	0.00e+00
399.21	0.00e+00
399.67	0.00e+00
400.13	0.00e+00
400.59	0.00e+00
401.04	0.00e+00
401.50	0.00e+00
401.96	0.00e+00
402.42	0.00e+00
402.88	0.00e+00
403.34	0.00e+00
403.79	0.00e+00
404.25	0.00e+00
404.71	0.00e+00
405.17	0.00e+00
405.63	0.00e+00
406.08	0.00e+00
406.54	0.00e+00
407.00	0.00e+00
407.46	0.00e+00
407.92	0.00e+00
408.37	0.00e+00
408.83	0.00e+00
409.29	0.00e+00
409.75	0.00e+00
410.21	0.00e+00
410.66	0.00e+00
411.12	0.00e+00
411.58	0.00e+00
412.04	0.00e+00
412.49	0.00e+00
412.95	0.00e+00
413.41	0.00e+00
413.87	0.00e+00
414.32	0.00e+00
414.78	0.00e+00
415.24	0.00e+00
415.70	0.00e+00
416.15	0.00e+00
416.61	0.00e+00
417.07	0.00e+00
417.53	0.00e+00
417.98	0.00e+00
418.44	0.00e+00
418.90	0.00e+00
419.35	0.00e+00
419.81	0.00e+00
420.27	0.00e+00
420.73	0.00e+00
421.18	0.00e+00
421.64	0.00e+00
422.10	0.00e+00
422.55	0.00e+00
423.01	0.00e+00
423.47	0.00e+00
423.93	0.00e+00
424.38	0.00e+00
424.84	0.00e+00
425.30	0.00e+00
425.75	0.00e+00
426.21	0.00e+00
426.67	0.00e+00
427.12	0.00e+00
427.58	0.00e+00
428.04	0.00e+00
428.49	0.00e+00
428.95	0.00e+00
429.41	0.00e+00
429.86	0.00e+00
430.32	0.00e+00
430.78	0.00e+00
431.23	0.00e+00
431.69	0.00e+00
432.15	0.00e+00
432.60	0.00e+00
433.06	0.00e+00
433.51	0.00e+00
433.97	0.00e+00
434.43	0.00e+00
434.88	0.00e+00
435.34	0.00e+00
435.80	0.00e+00
436.25	0.00e+00
436.71	0.00e+00
437.16	0.00e+00
437.62	0.00e+00
438.08	0.00e+00
438.53	0.00e+00
438.99	0.00e+00
439.44	0.00e+00
439.90	0.00e+00
440.36	0.00e+00
440.81	0.00e+00
441.27	0.00e+00
441.72	0.00e+00
442.18	0.00e+00
442.64	0.00e+00
443.09	0.00e+00
443.55	0.00e+00
444.00	0.00e+00
444.46	0.00e+00
444.91	0.00e+00
445.37	0.00e+00
445.83	0.00e+00
446.28	0.00e+00
446.74	0.00e+00
447.19	0.00e+00
447.65	0.00e+00
448.10	0.00e+00
448.56	0.00e+00
449.01	0.00e+00
449.47	0.00e+00
449.92	0.00e+00
450.38	0.00e+00
450.84	0.00e+00
451.29	0.00e+00
451.75	0.00e+00
452.20	0.00e+00
452.66	0.00e+00
453.11	0.00e+00
453.57	0.00e+00
454.02	0.00e+00
454.48	0.00e+00
454.93	0.00e+00
455.39	0.00e+00
455.84	0.00e+00
456.30	0.00e+00
456.75	0.00e+00
457.21	0.00e+00
457.66	0.00e+00
458.12	0.00e+00
458.57	0.00e+00
459.03	0.00e+00
459.48	0.00e+00
459.94	0.00e+00
460.39	0.00e+00
460.84	0.00e+00
461.30	0.00e+00
461.75	0.00e+00
462.21	0.00e+00
462.66	0.00e+00
463.12	0.00e+00
463.57	0.00e+00
464.03	0.00e+00
464.48	0.00e+00
464.94	0.00e+00
465.39	0.00e+00
465.84	0.00e+00
466.30	0.00e+00
466.75	0.00e+00
467.21	0.00e+00
467.66	0.00e+00
468.12	0.00e+00
468.57	0.00e+00
469.02	0.00e+00
469.48	0.00e+00
469.93	0.00e+00
470.39	0.00e+00
470.84	0.00e+00
471.30	0.00e+00
471.75	0.00e+00
472.20	0.00e+00
472.66	0.00e+00
473.11	0.00e+00
473.57	0.00e+00
474.02	0.00e+00
474.47	0.00e+00
474.93	0.00e+00
475.38	0.00e+00
475.83	0.00e+00
476.29	0.00e+00
476.74	0.00e+00
477.20	0.00e+00
477.65	0.00e+00
478.10	0.00e+00
478.56	0.00e+00
479.01	0.00e+00
479.46	0.00e+00
479.92	0.00e+00
480.37	0.00e+00
480.82	0.00e+00
481.28	0.00e+00
481.73	0.00e+00
482.18	0.00e+00
482.64	0.00e+00
483.09	0.00e+00
483.54	0.00e+00
484.00	0.00e+00
484.45	0.00e+00
484.90	0.00e+00
485.36	0.00e+00
485.81	0.00e+00
486.26	0.00e+00
486.72	0.00e+00
487.17	0.00e+00
487.62	0.00e+00
488.08	0.00e+00
488.53	0.00e+00
488.98	0.00e+00
489.43	0.00e+00
489.89	0.00e+00
490.34	0.00e+00
490.79	0.00e+00
491.25	0.00e+00
491.70	0.00e+00
492.15	0.00e+00
492.60	0.00e+00
493.06	0.00e+00
493.51	0.00e+00
493.96	0.00e+00
494.42	0.00e+00
494.87	0.00e+00
495.32	0.00e+00
495.77	0.00e+00
496.23	0.00e+00
496.68	0.00e+00
497.13	0.00e+00
497.58	0.00e+00
498.04	0.00e+00
498.49	0.00e+00
498.94	0.00e+00
499.39	0.00e+00
499.84	0.00e+00
500.30	0.00e+00
500.75	0.00e+00
501.20	0.00e+00
501.65	0.00e+00
502.11	0.00e+00
502.56	0.00e+00
503.01	0.00e+00
503.46	0.00e+00
503.91	0.00e+00
504.37	0.00e+00
504.82	0.00e+00
505.27	0.00e+00
505.72	0.00e+00
506.17	0.00e+00
506.63	0.00e+00
507.08	0.00e+00
507.53	0.00e+00
507.98	0.00e+00
508.43	0.00e+00
508.89	0.00e+00
509.34	0.00e+00
509.79	0.00e+00
510.24	0.00e+00
510.69	0.00e+00
511.14	0.00e+00
511.60	0.00e+00
512.05	0.00e+00
512.50	0.00e+00
512.95	0.00e+00
513.40	0.00e+00
513.85	0.00e+00
514.30	0.00e+00
514.76	0.00e+00
515.21	0.00e+00
515.66	0.00e+00
516.11	0.00e+00
516.56	0.00e+00
517.01	0.00e+00
517.46	0.00e+00
517.91	0.00e+00
518.37	0.00e+00
518.82	0.00e+00
519.27	0.00e+00
519.72	0.00e+00
520.17	0.00e+00
520.62	0.00e+00
521.07	0.00e+00
521.52	0.00e+00
521.97	0.00e+00
522.43	0.00e+00
522.88	0.00e+00
523.33	0.00e+00
523.78	0.00e+00
524.23	0.00e+00
524.68	0.00e+00
525.13	0.00e+00
525.58	0.00e+00
526.03	0.00e+00
526.48	0.00e+00
526.93	0.00e+00
527.38	0.00e+00
527.83	0.00e+00
528.28	0.00e+00
528.74	0.00e+00
529.19	0.00e+00
529.64	0.00e+00
530.09	0.00e+00
530.54	0.00e+00
530.99	0.00e+00
531.44	0.00e+00
531.89	0.00e+00
532.34	0.00e+00
532.79	0.00e+00
533.24	0.00e+00
533.69	0.00e+00
534.14	0.00e+00
534.59	0.00e+00
535.04	0.00e+00
535.49	0.00e+00
535.94	0.00e+00
536.39	0.00e+00
536.84	0.00e+00
537.29	0.00e+00
537.74	0.00e+00
538.19	0.00e+00
538.64	0.00e+00
539.09	0.00e+00
539.54	0.00e+00
539.99	0.00e+00
540.44	0.00e+00
540.89	0.00e+00
541.34	0.00e+00
541.79	0.00e+00
542.24	0.00e+00
542.69	0.00e+00
543.14	0.00e+00
543.59	0.00e+00
544.04	0.00e+00
544.49	0.00e+00
544.94	0.00e+00
545.39	0.00e+00
545.84	0.00e+00
546.28	0.00e+00
546.73	0.00e+00
547.18	0.00e+00
547.63	0.00e+00
548.08	0.00e+00
548.53	0.00e+00
548.98	0.00e+00
549.43	0.00e+00
549.88	0.00e+00
550.33	0.00e+00
550.78	0.00e+00
551.23	0.00e+00
551.68	0.00e+00
552.13	0.00e+00
552.57	0.00e+00
553.02	0.00e+00
553.47	0.00e+00
553.92	0.00e+00
554.37	0.00e+00
554.82	0.00e+00
555.27	0.00e+00
555.72	0.00e+00
556.17	0.00e+00
556.61	0.00e+00
557.06	0.00e+00
557.51	0.00e+00
557.96	0.00e+00
558.41	0.00e+00
558.86	0.00e+00
559.31	0.00e+00
559.76	0.00e+00
560.20	0.00e+00
560.65	0.00e+00
561.10	0.00e+00
561.55	0.00e+00
562.00	0.00e+00
562.45	0.00e+00
562.90	0.00e+00
563.34	0.00e+00
563.79	0.00e+00
564.24	0.00e+00
564.69	0.00e+00
565.14	0.00e+00
565.59	0.00e+00
566.03	0.00e+00
566.48	0.00e+00
566.93	0.00e+00
567.38	0.00e+00
567.83	0.00e+00
568.27	0.00e+00
568.72	0.00e+00
569.17	0.00e+00
569.62	0.00e+00
570.07	0.00e+00
570.51	0.00e+00
570.96	0.00e+00
571.41	0.00e+00
571.86	0.00e+00
572.31	0.00e+00
572.75	0.00e+00
573.20	0.00e+00
573.65	0.00e+00
574.10	0.00e+00
574.55	0.00e+00
574.99	0.00e+00
575.44	0.00e+00
575.89	0.00e+00
576.34	0.00e+00
576.78	0.00e+00
577.23	0.00e+00
577.68	0.00e+00
578.13	0.00e+00
578.57	0.00e+00
579.02	0.00e+00
579.47	0.00e+00
579.92	0.00e+00
580.36	0.00e+00
580.81	0.00e+00
581.26	0.00e+00
581.70	0.00e+00
582.15	0.00e+00
582.60	0.00e+00
583.05	0.00e+00
583.49	0.00e+00
583.94	0.00e+00
584.39	0.00e+00
584.84	0.00e+00
585.28	0.00e+00
585.73	0.00e+00
586.18	0.00e+00
586.62	0.00e+00
587.07	0.00e+00
587.52	0.00e+00
587.96	0.00e+00
588.41	0.00e+00
588.86	0.00e+00
589.30	0.00e+00
589.75	0.00e+00
590.20	0.00e+00
590.64	0.00e+00
591.09	0.00e+00
591.54	0.00e+00
591.98	0.00e+00
592.43	0.00e+00
592.88	0.00e+00
593.32	0.00e+00
593.77	0.00e+00
594.22	0.00e+00
594.66	0.00e+00
595.11	0.00e+00
595.56	0.00e+00
596.00	0.00e+00
596.45	0.00e+00
596.90	0.00e+00
597.34	0.00e+00
597.79	0.00e+00
598.23	0.00e+00
598.68	0.00e+00
599.13	0.00e+00
599.57	0.00e+00
600.02	0.00e+00
600.47	0.00e+00
600.91	0.00e+00
601.36	0.00e+00
601.80	0.00e+00
602.25	0.00e+00
602.70	0.00e+00
603.14	0.00e+00
603.59	0.00e+00
604.03	0.00e+00
604.48	0.00e+00
604.93	0.00e+00
605.37	0.00e+00
605.82	0.00e+00
606.26	0.00e+00
606.71	0.00e+00
607.15	0.00e+00
607.60	0.00e+00
608.05	0.00e+00
608.49	0.00e+00
608.94	0.00e+00
609.38	0.00e+00
609.83	0.00e+00
610.27	0.00e+00
610.72	0.00e+00
611.16	0.00e+00
611.61	0.00e+00
612.05	0.00e+00
612.50	0.00e+00
612.95	0.00e+00
613.39	0.00e+00
613.84	0.00e+00
614.28	0.00e+00
614.73	0.00e+00
615.17	0.00e+00
615.62	0.00e+00
616.06	0.00e+00
616.51	0.00e+00
616.95	0.00e+00
617.40	0.00e+00
617.84	0.00e+00
618.29	0.00e+00
618.73	0.00e+00
619.18	0.00e+00
619.62	0.00e+00
620.07	0.00e+00
620.51	0.00e+00
620.96	0.00e+00
621.40	0.00e+00
621.85	0.00e+00
622.29	0.00e+00
622.74	0.00e+00
623.18	0.00e+00
623.63	0.00e+00
624.07	0.00e+00
624.51	0.00e+00
624.96	0.00e+00
625.40	0.00e+00
625.85	0.00e+00
626.29	0.00e+00
626.74	0.00e+00
627.18	0.00e+00
627.63	0.00e+00
628.07	0.00e+00
628.52	0.00e+00
628.96	0.00e+00
629.40	0.00e+00
629.85	0.00e+00
630.29	0.00e+00
630.74	0.00e+00
631.18	0.00e+00
631.62	0.00e+00
632.07	0.00e+00
632.51	0.00e+00
632.96	0.00e+00
633.40	0.00e+00
633.85	0.00e+00
634.29	0.00e+00
634.73	0.00e+00
635.18	0.00e+00
635.62	0.00e+00
636.07	0.00e+00
636.51	0.00e+00
636.95	0.00e+00
637.40	0.00e+00
637.84	0.00e+00
638.28	0.00e+00
638.73	0.00e+00
639.17	0.00e+00
639.62	0.00e+00
640.06	0.00e+00
640.50	0.00e+00
640.95	0.00e+00
641.39	0.00e+00
641.83	0.00e+00
642.28	0.00e+00
642.72	0.00e+00
643.16	0.00e+00
643.61	0.00e+00
644.05	0.00e+00
644.49	0.00e+00
644.94	0.00e+00
645.38	0.00e+00
645.82	0.00e+00
646.27	0.00e+00
646.71	0.00e+00
647.15	0.00e+00
647.60	0.00e+00
648.04	0.00e+00
648.48	0.00e+00
648.93	0.00e+00
649.37	0.00e+00
649.81	0.00e+00
