210.34	2.11e-18
210.81	2.09e-18
211.28	2.07e-18
211.75	2.05e-18
212.22	2.03e-18
212.69	2.00e-18
213.16	1.98e-18
213.63	1.95e-18
214.10	1.92e-18
214.57	1.89e-18
215.04	1.86e-18
215.50	1.82e-18
215.97	1.79e-18
216.44	1.76e-18
216.91	1.72e-18
217.38	1.69e-18
217.85	1.65e-18
218.32	1.62e-18
218.79	1.58e-18
219.26	1.55e-18
219.73	1.52e-18
220.20	1.49e-18
220.67	1.45e-18
221.14	1.41e-18
221.60	1.38e-18
222.07	1.35e-18
222.54	1.31e-18
223.01	1.28e-18
223.48	1.25e-18
223.95	1.21e-18
224.42	1.18e-18
224.89	1.15e-18
225.36	1.12e-18
225.82	1.09e-18
226.29	1.06e-18
226.76	1.03e-18
227.23	9.97e-19
227.70	9.65e-19
228.17	9.37e-19
228.64	9.13e-19
229.11	8.89e-19
229.57	8.67e-19
230.04	8.43e-19
230.51	8.18e-19
230.98	7.94e-19
231.45	7.69e-19
231.92	7.44e-19
232.39	7.24e-19
232.85	7.06e-19
233.32	6.87e-19
233.79	6.68e-19
234.26	6.50e-19
234.73	6.31e-19
235.19	6.12e-19
235.66	5.94e-19
236.13	5.75e-19
236.60	5.56e-19
237.07	5.37e-19
237.54	5.18e-19
238.00	5.00e-19
238.47	4.84e-19
238.94	4.67e-19
239.41	4.51e-19
239.88	4.34e-19
240.34	4.20e-19
240.81	4.06e-19
241.28	3.92e-19
241.75	3.78e-19
242.22	3.65e-19
242.68	3.53e-19
243.15	3.41e-19
243.62	3.29e-19
244.09	3.18e-19
244.55	3.08e-19
245.02	2.97e-19
245.49	2.86e-19
245.96	2.76e-19
246.42	2.67e-19
246.89	2.57e-19
247.36	2.48e-19
247.83	2.38e-19
248.29	2.30e-19
248.76	2.22e-19
249.23	2.13e-19
249.70	2.05e-19
250.16	1.98e-19
250.63	1.91e-19
251.10	1.84e-19
251.57	1.76e-19
252.03	1.70e-19
252.50	1.64e-19
252.97	1.58e-19
253.43	1.52e-19
253.90	1.46e-19
254.37	1.41e-19
254.84	1.36e-19
255.30	1.31e-19
255.77	1.26e-19
256.24	1.21e-19
256.70	1.16e-19
257.17	1.11e-19
257.64	1.07e-19
258.10	1.02e-19
258.57	9.82e-20
259.04	9.42e-20
259.51	9.02e-20
259.97	8.63e-20
260.44	8.31e-20
260.91	8.01e-20
261.37	7.71e-20
261.84	7.40e-20
262.31	7.13e-20
262.77	6.88e-20
263.24	6.62e-20
263.71	6.36e-20
264.17	6.12e-20
264.64	5.91e-20
265.10	5.70e-20
265.57	5.49e-20
266.04	5.28e-20
266.50	5.05e-20
266.97	4.81e-20
267.44	4.58e-20
267.90	4.35e-20
268.37	4.19e-20
268.84	4.05e-20
269.30	3.91e-20
269.77	3.77e-20
270.23	3.62e-20
270.70	3.46e-20
271.17	3.29e-20
271.63	3.13e-20
272.10	2.97e-20
272.56	2.86e-20
273.03	2.74e-20
273.50	2.62e-20
273.96	2.51e-20
274.43	0.00e+00
274.89	0.00e+00
275.36	0.00e+00
275.83	0.00e+00
276.29	0.00e+00
276.76	0.00e+00
277.22	0.00e+00
277.69	0.00e+00
278.15	0.00e+00
278.62	0.00e+00
279.09	0.00e+00
279.55	0.00e+00
280.02	0.00e+00
280.48	0.00e+00
280.95	0.00e+00
281.41	0.00e+00
281.88	0.00e+00
282.34	0.00e+00
282.81	0.00e+00
283.28	0.00e+00
283.74	0.00e+00
284.21	0.00e+00
284.67	0.00e+00
285.14	0.00e+00
285.60	0.00e+00
286.07	0.00e+00
286.53	0.00e+00
287.00	0.00e+00
287.46	0.00e+00
287.93	0.00e+00
288.39	0.00e+00
288.86	0.00e+00
289.32	0.00e+00
289.79	0.00e+00
290.25	0.00e+00
290.72	0.00e+00
291.18	0.00e+00
291.65	0.00e+00
292.11	0.00e+00
292.58	0.00e+00
293.04	0.00e+00
293.51	0.00e+00
293.97	0.00e+00
294.44	0.00e+00
294.90	0.00e+00
295.37	0.00e+00
295.83	0.00e+00
296.30	3.38e-21
296.76	4.29e-21
297.22	4.65e-21
297.69	4.45e-21
298.15	4.19e-21
298.62	3.82e-21
299.08	3.65e-21
299.55	4.35e-21
300.01	5.03e-21
300.48	5.28e-21
300.94	5.53e-21
301.40	5.18e-21
301.87	4.73e-21
302.33	5.49e-21
302.80	6.75e-21
303.26	7.49e-21
303.73	7.88e-21
304.19	8.84e-21
304.65	1.06e-20
305.12	1.18e-20
305.58	1.08e-20
306.05	9.63e-21
306.51	8.29e-21
306.97	6.95e-21
307.44	8.57e-21
307.90	1.04e-20
308.37	1.22e-20
308.83	1.40e-20
309.29	1.35e-20
309.76	1.18e-20
310.22	1.17e-20
310.68	1.35e-20
311.15	1.51e-20
311.61	1.61e-20
312.08	1.69e-20
312.54	1.63e-20
313.00	1.56e-20
313.47	1.91e-20
313.93	2.24e-20
314.39	2.06e-20
314.86	1.79e-20
315.32	1.51e-20
315.78	1.21e-20
316.25	1.33e-20
316.71	1.81e-20
317.17	2.25e-20
317.64	2.62e-20
318.10	2.82e-20
318.56	2.41e-20
319.03	2.06e-20
319.49	2.48e-20
319.95	2.89e-20
320.42	3.28e-20
320.88	3.65e-20
321.34	3.34e-20
321.81	2.77e-20
322.27	2.63e-20
322.73	2.78e-20
323.20	3.04e-20
323.66	3.42e-20
324.12	3.56e-20
324.58	3.03e-20
325.05	2.50e-20
325.51	2.10e-20
325.97	1.69e-20
326.44	2.16e-20
326.90	3.68e-20
327.36	5.78e-20
327.82	6.03e-20
328.29	4.76e-20
328.75	3.64e-20
329.21	3.51e-20
329.67	4.66e-20
330.14	7.17e-20
330.60	9.37e-20
331.06	8.68e-20
331.52	6.14e-20
331.99	4.40e-20
332.45	3.83e-20
332.91	3.93e-20
333.37	4.34e-20
333.84	5.00e-20
334.30	5.26e-20
334.76	5.05e-20
335.22	4.53e-20
335.69	3.83e-20
336.15	3.17e-20
336.61	2.72e-20
337.07	2.74e-20
337.53	3.38e-20
338.00	5.90e-20
338.46	1.00e-19
338.92	9.24e-20
339.38	6.92e-20
339.84	5.33e-20
340.31	5.18e-20
340.77	7.92e-20
341.23	1.46e-19
341.69	1.93e-19
342.15	1.64e-19
342.62	1.06e-19
343.08	6.85e-20
343.54	5.17e-20
344.00	4.77e-20
344.46	5.11e-20
344.92	5.46e-20
345.39	5.68e-20
345.85	5.96e-20
346.31	5.76e-20
346.77	5.21e-20
347.23	4.69e-20
347.69	4.34e-20
348.16	4.09e-20
348.62	3.90e-20
349.08	3.82e-20
349.54	4.20e-20
350.00	5.70e-20
350.46	9.12e-20
350.92	1.04e-19
351.39	9.24e-20
351.85	8.11e-20
352.31	7.98e-20
352.77	9.24e-20
353.23	1.38e-19
353.69	2.28e-19
354.15	2.98e-19
354.61	2.57e-19
355.08	1.64e-19
355.54	1.02e-19
356.00	7.12e-20
356.46	6.12e-20
356.92	6.11e-20
357.38	6.47e-20
357.84	6.49e-20
358.30	6.15e-20
358.76	5.74e-20
359.22	5.35e-20
359.68	4.93e-20
360.15	4.50e-20
360.61	4.22e-20
361.07	4.09e-20
361.53	4.05e-20
361.99	4.09e-20
362.45	4.33e-20
362.91	4.97e-20
363.37	6.06e-20
363.83	7.45e-20
364.29	8.54e-20
364.75	9.00e-20
365.21	9.18e-20
365.67	9.79e-20
366.13	1.13e-19
366.59	1.40e-19
367.05	1.88e-19
367.51	2.55e-19
367.97	3.13e-19
368.43	3.04e-19
368.90	2.43e-19
369.36	1.78e-19
369.82	1.28e-19
370.28	9.84e-20
370.74	7.95e-20
371.20	6.69e-20
371.66	6.18e-20
372.12	5.66e-20
372.58	5.10e-20
373.04	4.54e-20
373.50	3.97e-20
373.96	3.40e-20
374.42	3.03e-20
374.88	2.68e-20
375.34	2.54e-20
375.80	2.48e-20
376.26	2.51e-20
376.72	2.61e-20
377.18	2.76e-20
377.63	2.97e-20
378.09	3.24e-20
378.55	3.69e-20
379.01	4.14e-20
379.47	4.66e-20
379.93	5.18e-20
380.39	5.80e-20
380.85	6.44e-20
381.31	7.44e-20
381.77	8.53e-20
382.23	9.84e-20
382.69	1.14e-19
383.15	1.27e-19
383.61	1.35e-19
384.07	1.40e-19
384.53	1.29e-19
384.99	1.17e-19
385.45	9.91e-20
385.91	8.02e-20
386.36	6.64e-20
386.82	5.32e-20
387.28	4.34e-20
387.74	3.57e-20
388.20	2.92e-20
388.66	2.42e-20
389.12	1.95e-20
389.58	1.58e-20
390.04	1.22e-20
390.50	9.84e-21
390.96	7.44e-21
391.41	6.45e-21
391.87	5.58e-21
392.33	5.01e-21
392.79	4.56e-21
393.25	4.23e-21
393.71	4.00e-21
394.17	3.70e-21
394.63	3.27e-21
395.08	2.84e-21
395.54	2.28e-21
396.00	1.73e-21
396.46	0.00e+00
396.92	0.00e+00
397.38	0.00e+00
397.84	0.00e+00
398.29	0.00e+00
398.75	0.00e+00
399.21	0.00e+00
399.67	0.00e+00
400.13	0.00e+00
400.59	0.00e+00
401.04	0.00e+00
401.50	0.00e+00
401.96	0.00e+00
402.42	0.00e+00
402.88	0.00e+00
403.34	0.00e+00
403.79	0.00e+00
404.25	0.00e+00
404.71	0.00e+00
405.17	0.00e+00
405.63	0.00e+00
406.08	0.00e+00
406.54	0.00e+00
407.00	0.00e+00
407.46	0.00e+00
407.92	0.00e+00
408.37	0.00e+00
408.83	0.00e+00
409.29	0.00e+00
409.75	0.00e+00
410.21	0.00e+00
410.66	0.00e+00
411.12	0.00e+00
411.58	0.00e+00
412.04	0.00e+00
412.49	0.00e+00
412.95	0.00e+00
413.41	0.00e+00
413.87	0.00e+00
414.32	0.00e+00
414.78	0.00e+00
415.24	0.00e+00
415.70	0.00e+00
416.15	0.00e+00
416.61	0.00e+00
417.07	0.00e+00
417.53	0.00e+00
417.98	0.00e+00
418.44	0.00e+00
418.90	0.00e+00
419.35	0.00e+00
419.81	0.00e+00
420.27	0.00e+00
420.73	0.00e+00
421.18	0.00e+00
421.64	0.00e+00
422.10	0.00e+00
422.55	0.00e+00
423.01	0.00e+00
423.47	0.00e+00
423.93	0.00e+00
424.38	0.00e+00
424.84	0.00e+00
425.30	0.00e+00
425.75	0.00e+00
426.21	0.00e+00
426.67	0.00e+00
427.12	0.00e+00
427.58	0.00e+00
428.04	0.00e+00
428.49	0.00e+00
428.95	0.00e+00
429.41	0.00e+00
429.86	0.00e+00
430.32	0.00e+00
430.78	0.00e+00
431.23	0.00e+00
431.69	0.00e+00
432.15	0.00e+00
432.60	0.00e+00
433.06	0.00e+00
433.51	0.00e+00
433.97	0.00e+00
434.43	0.00e+00
434.88	0.00e+00
435.34	0.00e+00
435.80	0.00e+00
436.25	0.00e+00
436.71	0.00e+00
437.16	0.00e+00
437.62	0.00e+00
438.08	0.00e+00
438.53	0.00e+00
438.99	0.00e+00
439.44	0.00e+00
439.90	0.00e+00
440.36	0.00e+00
440.81	0.00e+00
441.27	0.00e+00
441.72	0.00e+00
442.18	0.00e+00
442.64	0.00e+00
443.09	0.00e+00
443.55	0.00e+00
444.00	0.00e+00
444.46	0.00e+00
444.91	0.00e+00
445.37	0.00e+00
445.83	0.00e+00
446.28	0.00e+00
446.74	0.00e+00
447.19	0.00e+00
447.65	0.00e+00
448.10	0.00e+00
448.56	0.00e+00
449.01	0.00e+00
449.47	0.00e+00
449.92	0.00e+00
450.38	0.00e+00
450.84	0.00e+00
451.29	0.00e+00
451.75	0.00e+00
452.20	0.00e+00
452.66	0.00e+00
453.11	0.00e+00
453.57	0.00e+00
454.02	0.00e+00
454.48	0.00e+00
454.93	0.00e+00
455.39	0.00e+00
455.84	0.00e+00
456.30	0.00e+00
456.75	0.00e+00
457.21	0.00e+00
457.66	0.00e+00
458.12	0.00e+00
458.57	0.00e+00
459.03	0.00e+00
459.48	0.00e+00
459.94	0.00e+00
460.39	0.00e+00
460.84	0.00e+00
461.30	0.00e+00
461.75	0.00e+00
462.21	0.00e+00
462.66	0.00e+00
463.12	0.00e+00
463.57	0.00e+00
464.03	0.00e+00
464.48	0.00e+00
464.94	0.00e+00
465.39	0.00e+00
465.84	0.00e+00
466.30	0.00e+00
466.75	0.00e+00
467.21	0.00e+00
467.66	0.00e+00
468.12	0.00e+00
468.57	0.00e+00
469.02	0.00e+00
469.48	0.00e+00
469.93	0.00e+00
470.39	0.00e+00
470.84	0.00e+00
471.30	0.00e+00
471.75	0.00e+00
472.20	0.00e+00
472.66	0.00e+00
473.11	0.00e+00
473.57	0.00e+00
474.02	0.00e+00
474.47	0.00e+00
474.93	0.00e+00
475.38	0.00e+00
475.83	0.00e+00
476.29	0.00e+00
476.74	0.00e+00
477.20	0.00e+00
477.65	0.00e+00
478.10	0.00e+00
478.56	0.00e+00
479.01	0.00e+00
479.46	0.00e+00
479.92	0.00e+00
480.37	0.00e+00
480.82	0.00e+00
481.28	0.00e+00
481.73	0.00e+00
482.18	0.00e+00
482.64	0.00e+00
483.09	0.00e+00
483.54	0.00e+00
484.00	0.00e+00
484.45	0.00e+00
484.90	0.00e+00
485.36	0.00e+00
485.81	0.00e+00
486.26	0.00e+00
486.72	0.00e+00
487.17	0.00e+00
487.62	0.00e+00
488.08	0.00e+00
488.53	0.00e+00
488.98	0.00e+00
489.43	0.00e+00
489.89	0.00e+00
490.34	0.00e+00
490.79	0.00e+00
491.25	0.00e+00
491.70	0.00e+00
492.15	0.00e+00
492.60	0.00e+00
493.06	0.00e+00
493.51	0.00e+00
493.96	0.00e+00
494.42	0.00e+00
494.87	0.00e+00
495.32	0.00e+00
495.77	0.00e+00
496.23	0.00e+00
496.68	0.00e+00
497.13	0.00e+00
497.58	0.00e+00
498.04	0.00e+00
498.49	0.00e+00
498.94	0.00e+00
499.39	0.00e+00
499.84	0.00e+00
500.30	0.00e+00
500.75	0.00e+00
501.20	0.00e+00
501.65	0.00e+00
502.11	0.00e+00
502.56	0.00e+00
503.01	0.00e+00
503.46	0.00e+00
503.91	0.00e+00
504.37	0.00e+00
504.82	0.00e+00
505.27	0.00e+00
505.72	0.00e+00
506.17	0.00e+00
506.63	0.00e+00
507.08	0.00e+00
507.53	0.00e+00
507.98	0.00e+00
508.43	0.00e+00
508.89	0.00e+00
509.34	0.00e+00
509.79	0.00e+00
510.24	0.00e+00
510.69	0.00e+00
511.14	0.00e+00
511.60	0.00e+00
512.05	0.00e+00
512.50	0.00e+00
512.95	0.00e+00
513.40	0.00e+00
513.85	0.00e+00
514.30	0.00e+00
514.76	0.00e+00
515.21	0.00e+00
515.66	0.00e+00
516.11	0.00e+00
516.56	0.00e+00
517.01	0.00e+00
517.46	0.00e+00
517.91	0.00e+00
518.37	0.00e+00
518.82	0.00e+00
519.27	0.00e+00
519.72	0.00e+00
520.17	0.00e+00
520.62	0.00e+00
521.07	0.00e+00
521.52	0.00e+00
521.97	0.00e+00
522.43	0.00e+00
522.88	0.00e+00
523.33	0.00e+00
523.78	0.00e+00
524.23	0.00e+00
524.68	0.00e+00
525.13	0.00e+00
525.58	0.00e+00
526.03	0.00e+00
526.48	0.00e+00
526.93	0.00e+00
527.38	0.00e+00
527.83	0.00e+00
528.28	0.00e+00
528.74	0.00e+00
529.19	0.00e+00
529.64	0.00e+00
530.09	0.00e+00
530.54	0.00e+00
530.99	0.00e+00
531.44	0.00e+00
531.89	0.00e+00
532.34	0.00e+00
532.79	0.00e+00
533.24	0.00e+00
533.69	0.00e+00
534.14	0.00e+00
534.59	0.00e+00
535.04	0.00e+00
535.49	0.00e+00
535.94	0.00e+00
536.39	0.00e+00
536.84	0.00e+00
537.29	0.00e+00
537.74	0.00e+00
538.19	0.00e+00
538.64	0.00e+00
539.09	0.00e+00
539.54	0.00e+00
539.99	0.00e+00
540.44	0.00e+00
540.89	0.00e+00
541.34	0.00e+00
541.79	0.00e+00
542.24	0.00e+00
542.69	0.00e+00
543.14	0.00e+00
543.59	0.00e+00
544.04	0.00e+00
544.49	0.00e+00
544.94	0.00e+00
545.39	0.00e+00
545.84	0.00e+00
546.28	0.00e+00
546.73	0.00e+00
547.18	0.00e+00
547.63	0.00e+00
548.08	0.00e+00
548.53	0.00e+00
548.98	0.00e+00
549.43	0.00e+00
549.88	0.00e+00
550.33	0.00e+00
550.78	0.00e+00
551.23	0.00e+00
551.68	0.00e+00
552.13	0.00e+00
552.57	0.00e+00
553.02	0.00e+00
553.47	0.00e+00
553.92	0.00e+00
554.37	0.00e+00
554.82	0.00e+00
555.27	0.00e+00
555.72	0.00e+00
556.17	0.00e+00
556.61	0.00e+00
557.06	0.00e+00
557.51	0.00e+00
557.96	0.00e+00
558.41	0.00e+00
558.86	0.00e+00
559.31	0.00e+00
559.76	0.00e+00
560.20	0.00e+00
560.65	0.00e+00
561.10	0.00e+00
561.55	0.00e+00
562.00	0.00e+00
562.45	0.00e+00
562.90	0.00e+00
563.34	0.00e+00
563.79	0.00e+00
564.24	0.00e+00
564.69	0.00e+00
565.14	0.00e+00
565.59	0.00e+00
566.03	0.00e+00
566.48	0.00e+00
566.93	0.00e+00
567.38	0.00e+00
567.83	0.00e+00
568.27	0.00e+00
568.72	0.00e+00
569.17	0.00e+00
569.62	0.00e+00
570.07	0.00e+00
570.51	0.00e+00
570.96	0.00e+00
571.41	0.00e+00
571.86	0.00e+00
572.31	0.00e+00
572.75	0.00e+00
573.20	0.00e+00
573.65	0.00e+00
574.10	0.00e+00
574.55	0.00e+00
574.99	0.00e+00
575.44	0.00e+00
575.89	0.00e+00
576.34	0.00e+00
576.78	0.00e+00
577.23	0.00e+00
577.68	0.00e+00
578.13	0.00e+00
578.57	0.00e+00
579.02	0.00e+00
579.47	0.00e+00
579.92	0.00e+00
580.36	0.00e+00
580.81	0.00e+00
581.26	0.00e+00
581.70	0.00e+00
582.15	0.00e+00
582.60	0.00e+00
583.05	0.00e+00
583.49	0.00e+00
583.94	0.00e+00
584.39	0.00e+00
584.84	0.00e+00
585.28	0.00e+00
585.73	0.00e+00
586.18	0.00e+00
586.62	0.00e+00
587.07	0.00e+00
587.52	0.00e+00
587.96	0.00e+00
588.41	0.00e+00
588.86	0.00e+00
589.30	0.00e+00
589.75	0.00e+00
590.20	0.00e+00
590.64	0.00e+00
591.09	0.00e+00
591.54	0.00e+00
591.98	0.00e+00
592.43	0.00e+00
592.88	0.00e+00
593.32	0.00e+00
593.77	0.00e+00
594.22	0.00e+00
594.66	0.00e+00
595.11	0.00e+00
595.56	0.00e+00
596.00	0.00e+00
596.45	0.00e+00
596.90	0.00e+00
597.34	0.00e+00
597.79	0.00e+00
598.23	0.00e+00
598.68	0.00e+00
599.13	0.00e+00
599.57	0.00e+00
600.02	0.00e+00
600.47	0.00e+00
600.91	0.00e+00
601.36	0.00e+00
601.80	0.00e+00
602.25	0.00e+00
602.70	0.00e+00
603.14	0.00e+00
603.59	0.00e+00
604.03	0.00e+00
604.48	0.00e+00
604.93	0.00e+00
605.37	0.00e+00
605.82	0.00e+00
606.26	0.00e+00
606.71	0.00e+00
607.15	0.00e+00
607.60	0.00e+00
608.05	0.00e+00
608.49	0.00e+00
608.94	0.00e+00
609.38	0.00e+00
609.83	0.00e+00
610.27	0.00e+00
610.72	0.00e+00
611.16	0.00e+00
611.61	0.00e+00
612.05	0.00e+00
612.50	0.00e+00
612.95	0.00e+00
613.39	0.00e+00
613.84	0.00e+00
614.28	0.00e+00
614.73	0.00e+00
615.17	0.00e+00
615.62	0.00e+00
616.06	0.00e+00
616.51	0.00e+00
616.95	0.00e+00
617.40	0.00e+00
617.84	0.00e+00
618.29	0.00e+00
618.73	0.00e+00
619.18	0.00e+00
619.62	0.00e+00
620.07	0.00e+00
620.51	0.00e+00
620.96	0.00e+00
621.40	0.00e+00
621.85	0.00e+00
622.29	0.00e+00
622.74	0.00e+00
623.18	0.00e+00
623.63	0.00e+00
624.07	0.00e+00
624.51	0.00e+00
624.96	0.00e+00
625.40	0.00e+00
625.85	0.00e+00
626.29	0.00e+00
626.74	0.00e+00
627.18	0.00e+00
627.63	0.00e+00
628.07	0.00e+00
628.52	0.00e+00
628.96	0.00e+00
629.40	0.00e+00
629.85	0.00e+00
630.29	0.00e+00
630.74	0.00e+00
631.18	0.00e+00
631.62	0.00e+00
632.07	0.00e+00
632.51	0.00e+00
632.96	0.00e+00
633.40	0.00e+00
633.85	0.00e+00
634.29	0.00e+00
634.73	0.00e+00
635.18	0.00e+00
635.62	0.00e+00
636.07	0.00e+00
636.51	0.00e+00
636.95	0.00e+00
637.40	0.00e+00
637.84	0.00e+00
638.28	0.00e+00
638.73	0.00e+00
639.17	0.00e+00
639.62	0.00e+00
640.06	0.00e+00
640.50	0.00e+00
640.95	0.00e+00
641.39	0.00e+00
641.83	0.00e+00
642.28	0.00e+00
642.72	0.00e+00
643.16	0.00e+00
643.61	0.00e+00
644.05	0.00e+00
644.49	0.00e+00
644.94	0.00e+00
645.38	0.00e+00
645.82	0.00e+00
646.27	0.00e+00
646.71	0.00e+00
647.15	0.00e+00
647.60	0.00e+00
648.04	0.00e+00
648.48	0.00e+00
648.93	0.00e+00
649.37	0.00e+00
649.81	0.00e+00
