210.34	4.34e-18
210.81	4.19e-18
211.28	4.04e-18
211.75	3.89e-18
212.22	3.75e-18
212.69	3.61e-18
213.16	3.47e-18
213.63	3.33e-18
214.10	3.19e-18
214.57	3.06e-18
215.04	2.93e-18
215.50	2.81e-18
215.97	2.68e-18
216.44	2.57e-18
216.91	2.46e-18
217.38	2.35e-18
217.85	2.24e-18
218.32	2.14e-18
218.79	2.05e-18
219.26	1.95e-18
219.73	1.86e-18
220.20	1.78e-18
220.67	1.71e-18
221.14	1.64e-18
221.60	1.57e-18
222.07	1.50e-18
222.54	1.45e-18
223.01	1.40e-18
223.48	1.35e-18
223.95	1.30e-18
224.42	1.26e-18
224.89	1.22e-18
225.36	1.18e-18
225.82	1.14e-18
226.29	1.11e-18
226.76	1.07e-18
227.23	1.04e-18
227.70	1.01e-18
228.17	9.75e-19
228.64	9.51e-19
229.11	9.27e-19
229.57	9.04e-19
230.04	8.80e-19
230.51	8.62e-19
230.98	8.44e-19
231.45	8.26e-19
231.92	8.08e-19
232.39	7.92e-19
232.85	7.77e-19
233.32	7.62e-19
233.79	7.47e-19
234.26	7.34e-19
234.73	7.22e-19
235.19	7.11e-19
235.66	7.00e-19
236.13	6.89e-19
236.60	6.78e-19
237.07	6.67e-19
237.54	6.57e-19
238.00	6.46e-19
238.47	6.35e-19
238.94	6.23e-19
239.41	6.12e-19
239.88	6.01e-19
240.34	5.87e-19
240.81	5.71e-19
241.28	5.55e-19
241.75	5.39e-19
242.22	5.27e-19
242.68	5.18e-19
243.15	5.09e-19
243.62	5.00e-19
244.09	4.91e-19
244.55	4.83e-19
245.02	4.74e-19
245.49	4.65e-19
245.96	4.57e-19
246.42	4.48e-19
246.89	4.40e-19
247.36	4.31e-19
247.83	4.22e-19
248.29	4.14e-19
248.76	4.06e-19
249.23	3.99e-19
249.70	3.91e-19
250.16	3.84e-19
250.63	3.76e-19
251.10	3.69e-19
251.57	3.62e-19
252.03	3.55e-19
252.50	3.48e-19
252.97	3.41e-19
253.43	3.34e-19
253.90	3.27e-19
254.37	3.21e-19
254.84	3.15e-19
255.30	3.08e-19
255.77	3.02e-19
256.24	2.96e-19
256.70	2.91e-19
257.17	2.85e-19
257.64	2.79e-19
258.10	2.74e-19
258.57	2.68e-19
259.04	2.63e-19
259.51	2.58e-19
259.97	2.52e-19
260.44	2.47e-19
260.91	2.42e-19
261.37	2.38e-19
261.84	2.33e-19
262.31	2.28e-19
262.77	2.23e-19
263.24	2.19e-19
263.71	2.14e-19
264.17	2.10e-19
264.64	2.06e-19
265.10	2.02e-19
265.57	1.98e-19
266.04	1.94e-19
266.50	1.90e-19
266.97	1.86e-19
267.44	1.82e-19
267.90	1.79e-19
268.37	1.75e-19
268.84	1.71e-19
269.30	1.68e-19
269.77	1.64e-19
270.23	1.61e-19
270.70	1.57e-19
271.17	1.54e-19
271.63	1.51e-19
272.10	1.48e-19
272.56	1.46e-19
273.03	1.43e-19
273.50	1.40e-19
273.96	1.37e-19
274.43	1.34e-19
274.89	1.31e-19
275.36	1.28e-19
275.83	1.25e-19
276.29	1.23e-19
276.76	1.20e-19
277.22	1.18e-19
277.69	1.16e-19
278.15	1.13e-19
278.62	1.11e-19
279.09	1.09e-19
279.55	1.07e-19
280.02	1.05e-19
280.48	1.03e-19
280.95	1.01e-19
281.41	9.86e-20
281.88	9.64e-20
282.34	9.45e-20
282.81	9.25e-20
283.28	9.05e-20
283.74	8.85e-20
284.21	8.66e-20
284.67	8.47e-20
285.14	8.28e-20
285.60	8.10e-20
286.07	7.91e-20
286.53	7.74e-20
287.00	7.57e-20
287.46	7.40e-20
287.93	7.23e-20
288.39	7.07e-20
288.86	6.91e-20
289.32	6.75e-20
289.79	6.59e-20
290.25	6.44e-20
290.72	6.29e-20
291.18	6.14e-20
291.65	5.99e-20
292.11	5.85e-20
292.58	5.71e-20
293.04	5.57e-20
293.51	5.43e-20
293.97	5.30e-20
294.44	5.17e-20
294.90	5.05e-20
295.37	4.92e-20
295.83	4.80e-20
296.30	4.68e-20
296.76	4.56e-20
297.22	4.45e-20
297.69	4.34e-20
298.15	4.23e-20
298.62	4.12e-20
299.08	4.02e-20
299.55	3.91e-20
300.01	3.81e-20
300.48	3.71e-20
300.94	3.62e-20
301.40	3.52e-20
301.87	3.43e-20
302.33	3.34e-20
302.80	3.25e-20
303.26	3.17e-20
303.73	3.08e-20
304.19	3.00e-20
304.65	2.92e-20
305.12	2.85e-20
305.58	2.77e-20
306.05	2.69e-20
306.51	2.62e-20
306.97	2.55e-20
307.44	2.48e-20
307.90	2.42e-20
308.37	2.35e-20
308.83	2.29e-20
309.29	2.23e-20
309.76	2.16e-20
310.22	2.10e-20
310.68	2.05e-20
311.15	2.00e-20
311.61	1.94e-20
312.08	1.89e-20
312.54	1.84e-20
313.00	1.79e-20
313.47	1.74e-20
313.93	1.69e-20
314.39	1.64e-20
314.86	1.60e-20
315.32	1.55e-20
315.78	1.51e-20
316.25	1.47e-20
316.71	1.43e-20
317.17	1.40e-20
317.64	1.36e-20
318.10	1.32e-20
318.56	1.29e-20
319.03	1.25e-20
319.49	1.22e-20
319.95	1.18e-20
320.42	1.15e-20
320.88	1.12e-20
321.34	1.09e-20
321.81	1.06e-20
322.27	1.03e-20
322.73	1.01e-20
323.20	9.78e-21
323.66	9.50e-21
324.12	9.24e-21
324.58	9.00e-21
325.05	8.75e-21
325.51	8.51e-21
325.97	8.28e-21
326.44	8.06e-21
326.90	7.85e-21
327.36	7.64e-21
327.82	7.43e-21
328.29	7.23e-21
328.75	7.05e-21
329.21	6.86e-21
329.67	6.67e-21
330.14	6.49e-21
330.60	6.32e-21
331.06	6.16e-21
331.52	5.99e-21
331.99	5.82e-21
332.45	5.68e-21
332.91	5.53e-21
333.37	5.38e-21
333.84	5.23e-21
334.30	5.10e-21
334.76	4.97e-21
335.22	4.84e-21
335.69	4.71e-21
336.15	4.58e-21
336.61	4.47e-21
337.07	4.35e-21
337.53	4.24e-21
338.00	4.12e-21
338.46	4.02e-21
338.92	3.92e-21
339.38	3.82e-21
339.84	3.72e-21
340.31	3.62e-21
340.77	3.53e-21
341.23	3.43e-21
341.69	3.34e-21
342.15	3.25e-21
342.62	3.17e-21
343.08	3.09e-21
343.54	3.01e-21
344.00	2.93e-21
344.46	2.86e-21
344.92	2.79e-21
345.39	2.71e-21
345.85	2.64e-21
346.31	2.58e-21
346.77	2.51e-21
347.23	2.45e-21
347.69	2.38e-21
348.16	2.32e-21
348.62	2.27e-21
349.08	2.21e-21
349.54	2.16e-21
350.00	2.10e-21
350.46	2.05e-21
350.92	2.00e-21
351.39	1.95e-21
351.85	1.90e-21
352.31	1.85e-21
352.77	1.80e-21
353.23	1.75e-21
353.69	1.70e-21
354.15	1.66e-21
354.61	1.62e-21
355.08	1.57e-21
355.54	1.53e-21
356.00	1.49e-21
356.46	1.45e-21
356.92	1.42e-21
357.38	1.38e-21
357.84	1.34e-21
358.30	1.31e-21
358.76	1.28e-21
359.22	1.25e-21
359.68	1.22e-21
360.15	1.19e-21
360.61	1.16e-21
361.07	1.13e-21
361.53	1.10e-21
361.99	1.07e-21
362.45	1.04e-21
362.91	1.02e-21
363.37	9.93e-22
363.83	9.68e-22
364.29	9.43e-22
364.75	9.18e-22
365.21	8.94e-22
365.67	8.69e-22
366.13	8.46e-22
366.59	8.26e-22
367.05	8.05e-22
367.51	7.85e-22
367.97	7.64e-22
368.43	7.46e-22
368.90	7.28e-22
369.36	7.10e-22
369.82	6.92e-22
370.28	6.75e-22
370.74	6.58e-22
371.20	6.42e-22
371.66	6.25e-22
372.12	6.09e-22
372.58	5.93e-22
373.04	5.78e-22
373.50	5.62e-22
373.96	5.46e-22
374.42	5.32e-22
374.88	5.18e-22
375.34	5.04e-22
375.80	4.90e-22
376.26	4.77e-22
376.72	4.65e-22
377.18	4.53e-22
377.63	4.41e-22
378.09	4.29e-22
378.55	4.18e-22
379.01	4.07e-22
379.47	3.96e-22
379.93	3.85e-22
380.39	3.75e-22
380.85	3.65e-22
381.31	3.55e-22
381.77	3.46e-22
382.23	3.37e-22
382.69	3.29e-22
383.15	3.20e-22
383.61	3.12e-22
384.07	3.04e-22
384.53	2.97e-22
384.99	2.89e-22
385.45	2.82e-22
385.91	2.74e-22
386.36	2.67e-22
386.82	2.60e-22
387.28	2.53e-22
387.74	2.46e-22
388.20	2.39e-22
388.66	2.33e-22
389.12	2.27e-22
389.58	2.21e-22
390.04	2.15e-22
390.50	2.09e-22
390.96	2.04e-22
391.41	1.99e-22
391.87	1.94e-22
392.33	1.90e-22
392.79	1.85e-22
393.25	1.80e-22
393.71	1.75e-22
394.17	1.70e-22
394.63	1.65e-22
395.08	1.60e-22
395.54	1.55e-22
396.00	1.50e-22
396.46	1.46e-22
396.92	1.43e-22
397.38	1.39e-22
397.84	1.35e-22
398.29	1.35e-22
398.75	1.36e-22
399.21	1.38e-22
399.67	1.39e-22