210.34	0.00e+00
210.81	0.00e+00
211.28	0.00e+00
211.75	0.00e+00
212.22	0.00e+00
212.69	0.00e+00
213.16	0.00e+00
213.63	0.00e+00
214.10	0.00e+00
214.57	0.00e+00
215.04	0.00e+00
215.50	0.00e+00
215.97	0.00e+00
216.44	0.00e+00
216.91	0.00e+00
217.38	0.00e+00
217.85	0.00e+00
218.32	0.00e+00
218.79	0.00e+00
219.26	0.00e+00
219.73	0.00e+00
220.20	0.00e+00
220.67	0.00e+00
221.14	0.00e+00
221.60	0.00e+00
222.07	0.00e+00
222.54	0.00e+00
223.01	0.00e+00
223.48	0.00e+00
223.95	0.00e+00
224.42	0.00e+00
224.89	0.00e+00
225.36	0.00e+00
225.82	0.00e+00
226.29	0.00e+00
226.76	0.00e+00
227.23	0.00e+00
227.70	0.00e+00
228.17	0.00e+00
228.64	0.00e+00
229.11	0.00e+00
229.57	0.00e+00
230.04	0.00e+00
230.51	0.00e+00
230.98	0.00e+00
231.45	0.00e+00
231.92	0.00e+00
232.39	0.00e+00
232.85	0.00e+00
233.32	0.00e+00
233.79	0.00e+00
234.26	0.00e+00
234.73	0.00e+00
235.19	0.00e+00
235.66	0.00e+00
236.13	0.00e+00
236.60	0.00e+00
237.07	0.00e+00
237.54	0.00e+00
238.00	0.00e+00
238.47	0.00e+00
238.94	0.00e+00
239.41	0.00e+00
239.88	0.00e+00
240.34	0.00e+00
240.81	0.00e+00
241.28	0.00e+00
241.75	0.00e+00
242.22	0.00e+00
242.68	0.00e+00
243.15	0.00e+00
243.62	0.00e+00
244.09	0.00e+00
244.55	0.00e+00
245.02	0.00e+00
245.49	0.00e+00
245.96	0.00e+00
246.42	0.00e+00
246.89	0.00e+00
247.36	0.00e+00
247.83	0.00e+00
248.29	0.00e+00
248.76	0.00e+00
249.23	0.00e+00
249.70	0.00e+00
250.16	0.00e+00
250.63	0.00e+00
251.10	0.00e+00
251.57	0.00e+00
252.03	0.00e+00
252.50	0.00e+00
252.97	0.00e+00
253.43	0.00e+00
253.90	0.00e+00
254.37	0.00e+00
254.84	0.00e+00
255.30	0.00e+00
255.77	0.00e+00
256.24	0.00e+00
256.70	0.00e+00
257.17	0.00e+00
257.64	0.00e+00
258.10	0.00e+00
258.57	0.00e+00
259.04	0.00e+00
259.51	0.00e+00
259.97	0.00e+00
260.44	0.00e+00
260.91	0.00e+00
261.37	0.00e+00
261.84	0.00e+00
262.31	0.00e+00
262.77	0.00e+00
263.24	0.00e+00
263.71	0.00e+00
264.17	0.00e+00
264.64	0.00e+00
265.10	0.00e+00
265.57	0.00e+00
266.04	0.00e+00
266.50	0.00e+00
266.97	0.00e+00
267.44	0.00e+00
267.90	0.00e+00
268.37	0.00e+00
268.84	0.00e+00
269.30	0.00e+00
269.77	0.00e+00
270.23	0.00e+00
270.70	0.00e+00
271.17	0.00e+00
271.63	0.00e+00
272.10	0.00e+00
272.56	0.00e+00
273.03	0.00e+00
273.50	0.00e+00
273.96	0.00e+00
274.43	0.00e+00
274.89	0.00e+00
275.36	0.00e+00
275.83	0.00e+00
276.29	0.00e+00
276.76	0.00e+00
277.22	0.00e+00
277.69	0.00e+00
278.15	0.00e+00
278.62	0.00e+00
279.09	0.00e+00
279.55	0.00e+00
280.02	0.00e+00
280.48	0.00e+00
280.95	0.00e+00
281.41	0.00e+00
281.88	0.00e+00
282.34	0.00e+00
282.81	0.00e+00
283.28	0.00e+00
283.74	0.00e+00
284.21	0.00e+00
284.67	0.00e+00
285.14	0.00e+00
285.60	0.00e+00
286.07	0.00e+00
286.53	0.00e+00
287.00	0.00e+00
287.46	0.00e+00
287.93	0.00e+00
288.39	0.00e+00
288.86	0.00e+00
289.32	0.00e+00
289.79	0.00e+00
290.25	0.00e+00
290.72	0.00e+00
291.18	0.00e+00
291.65	0.00e+00
292.11	0.00e+00
292.58	0.00e+00
293.04	0.00e+00
293.51	0.00e+00
293.97	0.00e+00
294.44	0.00e+00
294.90	0.00e+00
295.37	0.00e+00
295.83	0.00e+00
296.30	0.00e+00
296.76	0.00e+00
297.22	0.00e+00
297.69	0.00e+00
298.15	0.00e+00
298.62	0.00e+00
299.08	0.00e+00
299.55	0.00e+00
300.01	0.00e+00
300.48	0.00e+00
300.94	0.00e+00
301.40	0.00e+00
301.87	0.00e+00
302.33	0.00e+00
302.80	0.00e+00
303.26	0.00e+00
303.73	0.00e+00
304.19	0.00e+00
304.65	0.00e+00
305.12	0.00e+00
305.58	0.00e+00
306.05	0.00e+00
306.51	0.00e+00
306.97	0.00e+00
307.44	0.00e+00
307.90	0.00e+00
308.37	0.00e+00
308.83	0.00e+00
309.29	0.00e+00
309.76	0.00e+00
310.22	0.00e+00
310.68	0.00e+00
311.15	0.00e+00
311.61	0.00e+00
312.08	0.00e+00
312.54	0.00e+00
313.00	0.00e+00
313.47	0.00e+00
313.93	0.00e+00
314.39	0.00e+00
314.86	0.00e+00
315.32	0.00e+00
315.78	0.00e+00
316.25	0.00e+00
316.71	0.00e+00
317.17	0.00e+00
317.64	0.00e+00
318.10	0.00e+00
318.56	0.00e+00
319.03	0.00e+00
319.49	0.00e+00
319.95	0.00e+00
320.42	0.00e+00
320.88	0.00e+00
321.34	0.00e+00
321.81	0.00e+00
322.27	0.00e+00
322.73	0.00e+00
323.20	0.00e+00
323.66	0.00e+00
324.12	0.00e+00
324.58	0.00e+00
325.05	0.00e+00
325.51	0.00e+00
325.97	0.00e+00
326.44	0.00e+00
326.90	0.00e+00
327.36	0.00e+00
327.82	0.00e+00
328.29	0.00e+00
328.75	0.00e+00
329.21	0.00e+00
329.67	0.00e+00
330.14	0.00e+00
330.60	0.00e+00
331.06	0.00e+00
331.52	0.00e+00
331.99	0.00e+00
332.45	0.00e+00
332.91	0.00e+00
333.37	0.00e+00
333.84	0.00e+00
334.30	0.00e+00
334.76	0.00e+00
335.22	0.00e+00
335.69	0.00e+00
336.15	0.00e+00
336.61	0.00e+00
337.07	0.00e+00
337.53	0.00e+00
338.00	0.00e+00
338.46	0.00e+00
338.92	0.00e+00
339.38	0.00e+00
339.84	0.00e+00
340.31	0.00e+00
340.77	0.00e+00
341.23	0.00e+00
341.69	0.00e+00
342.15	0.00e+00
342.62	0.00e+00
343.08	0.00e+00
343.54	0.00e+00
344.00	0.00e+00
344.46	0.00e+00
344.92	0.00e+00
345.39	0.00e+00
345.85	0.00e+00
346.31	0.00e+00
346.77	0.00e+00
347.23	0.00e+00
347.69	0.00e+00
348.16	0.00e+00
348.62	0.00e+00
349.08	0.00e+00
349.54	0.00e+00
350.00	0.00e+00
350.46	0.00e+00
350.92	0.00e+00
351.39	0.00e+00
351.85	0.00e+00
352.31	0.00e+00
352.77	0.00e+00
353.23	0.00e+00
353.69	0.00e+00
354.15	0.00e+00
354.61	0.00e+00
355.08	0.00e+00
355.54	0.00e+00
356.00	0.00e+00
356.46	0.00e+00
356.92	0.00e+00
357.38	0.00e+00
357.84	0.00e+00
358.30	0.00e+00
358.76	0.00e+00
359.22	0.00e+00
359.68	0.00e+00
360.15	0.00e+00
360.61	0.00e+00
361.07	0.00e+00
361.53	0.00e+00
361.99	0.00e+00
362.45	0.00e+00
362.91	0.00e+00
363.37	0.00e+00
363.83	0.00e+00
364.29	0.00e+00
364.75	0.00e+00
365.21	0.00e+00
365.67	0.00e+00
366.13	0.00e+00
366.59	0.00e+00
367.05	0.00e+00
367.51	0.00e+00
367.97	0.00e+00
368.43	0.00e+00
368.90	0.00e+00
369.36	0.00e+00
369.82	0.00e+00
370.28	0.00e+00
370.74	0.00e+00
371.20	0.00e+00
371.66	0.00e+00
372.12	0.00e+00
372.58	0.00e+00
373.04	0.00e+00
373.50	0.00e+00
373.96	0.00e+00
374.42	0.00e+00
374.88	0.00e+00
375.34	0.00e+00
375.80	0.00e+00
376.26	0.00e+00
376.72	0.00e+00
377.18	0.00e+00
377.63	0.00e+00
378.09	0.00e+00
378.55	0.00e+00
379.01	0.00e+00
379.47	0.00e+00
379.93	0.00e+00
380.39	0.00e+00
380.85	0.00e+00
381.31	0.00e+00
381.77	0.00e+00
382.23	0.00e+00
382.69	0.00e+00
383.15	0.00e+00
383.61	0.00e+00
384.07	0.00e+00
384.53	0.00e+00
384.99	0.00e+00
385.45	0.00e+00
385.91	0.00e+00
386.36	0.00e+00
386.82	0.00e+00
387.28	0.00e+00
387.74	0.00e+00
388.20	0.00e+00
388.66	0.00e+00
389.12	0.00e+00
389.58	0.00e+00
390.04	0.00e+00
390.50	0.00e+00
390.96	0.00e+00
391.41	0.00e+00
391.87	0.00e+00
392.33	0.00e+00
392.79	0.00e+00
393.25	0.00e+00
393.71	0.00e+00
394.17	0.00e+00
394.63	0.00e+00
395.08	0.00e+00
395.54	0.00e+00
396.00	0.00e+00
396.46	0.00e+00
396.92	0.00e+00
397.38	0.00e+00
397.84	0.00e+00
398.29	0.00e+00
398.75	0.00e+00
399.21	0.00e+00
399.67	0.00e+00
400.13	0.00e+00
400.59	0.00e+00
401.04	0.00e+00
401.50	0.00e+00
401.96	0.00e+00
402.42	0.00e+00
402.88	0.00e+00
403.34	0.00e+00
403.79	0.00e+00
404.25	0.00e+00
404.71	0.00e+00
405.17	2.83e-20
405.63	2.37e-20
406.08	1.92e-20
406.54	1.46e-20
407.00	1.00e-20
407.46	1.92e-20
407.92	2.84e-20
408.37	0.00e+00
408.83	0.00e+00
409.29	0.00e+00
409.75	0.00e+00
410.21	1.21e-20
410.66	1.66e-20
411.12	2.36e-20
411.58	3.74e-20
412.04	5.00e-20
412.49	5.00e-20
412.95	5.00e-20
413.41	3.77e-20
413.87	2.39e-20
414.32	3.28e-20
414.78	5.12e-20
415.24	6.00e-20
415.70	6.00e-20
416.15	6.15e-20
416.61	6.61e-20
417.07	6.86e-20
417.53	5.94e-20
417.98	5.04e-20
418.44	6.32e-20
418.90	7.70e-20
419.35	8.00e-20
419.81	8.00e-20
420.27	8.00e-20
420.73	8.00e-20
421.18	8.18e-20
421.64	8.64e-20
422.10	9.20e-20
422.55	1.01e-19
423.01	1.10e-19
423.47	1.01e-19
423.93	9.14e-20
424.38	8.24e-20
424.84	7.32e-20
425.30	9.10e-20
425.75	1.22e-19
426.21	1.40e-19
426.67	1.40e-19
427.12	1.38e-19
427.58	1.28e-19
428.04	1.20e-19
428.49	1.15e-19
428.95	1.11e-19
429.41	1.35e-19
429.86	1.62e-19
430.32	1.57e-19
430.78	1.39e-19
431.23	1.35e-19
431.69	1.44e-19
432.15	1.54e-19
432.60	1.68e-19
433.06	1.80e-19
433.51	1.80e-19
433.97	1.80e-19
434.43	1.71e-19
434.88	1.62e-19
435.34	1.57e-19
435.80	1.52e-19
436.25	1.58e-19
436.71	1.71e-19
437.16	1.85e-19
437.62	1.99e-19
438.08	2.09e-19
438.53	2.05e-19
438.99	2.00e-19
439.44	1.96e-19
439.90	1.91e-19
440.36	1.86e-19
440.81	1.82e-19
441.27	1.88e-19
441.72	2.02e-19
442.18	2.05e-19
442.64	1.91e-19
443.09	1.81e-19
443.55	1.86e-19
444.00	1.90e-19
444.46	1.95e-19
444.91	1.99e-19
445.37	2.15e-19
445.83	2.33e-19
446.28	2.54e-19
446.74	2.77e-19
447.19	2.81e-19
447.65	2.58e-19
448.10	2.44e-19
448.56	2.62e-19
449.01	2.80e-19
449.47	2.85e-19
449.92	2.89e-19
450.38	2.94e-19
450.84	2.98e-19
451.29	3.09e-19
451.75	3.22e-19
452.20	3.26e-19
452.66	3.17e-19
453.11	3.16e-19
453.57	3.38e-19
454.02	3.60e-19
454.48	3.60e-19
454.93	3.60e-19
455.39	3.60e-19
455.84	3.60e-19
456.30	3.72e-19
456.75	3.90e-19
457.21	3.94e-19
457.66	3.80e-19
458.12	3.76e-19
458.57	3.98e-19
459.03	4.19e-19
459.48	4.10e-19
459.94	4.01e-19
460.39	3.96e-19
460.84	3.92e-19
461.30	3.93e-19
461.75	3.98e-19
462.21	4.02e-19
462.66	4.07e-19
463.12	4.18e-19
463.57	4.50e-19
464.03	4.81e-19
464.48	4.94e-19
464.94	5.08e-19
465.39	5.22e-19
465.84	5.35e-19
466.30	5.49e-19
466.75	5.62e-19
467.21	5.68e-19
467.66	5.63e-19
468.12	5.62e-19
468.57	5.71e-19
469.02	5.80e-19
469.48	5.85e-19
469.93	5.89e-19
470.39	6.02e-19
470.84	6.15e-19
471.30	6.26e-19
471.75	6.35e-19
472.20	6.36e-19
472.66	6.27e-19
473.11	6.20e-19
473.57	6.20e-19
474.02	6.21e-19
474.47	6.48e-19
474.93	6.76e-19
475.38	7.18e-19
475.83	7.63e-19
476.29	7.77e-19
476.74	7.73e-19
477.20	7.62e-19
477.65	7.44e-19
478.10	7.30e-19
478.56	7.30e-19
479.01	7.30e-19
479.46	7.16e-19
479.92	7.02e-19
480.37	7.04e-19
480.82	7.08e-19
481.28	7.10e-19
481.73	7.10e-19
482.18	7.12e-19
482.64	7.16e-19
483.09	7.24e-19
483.54	7.47e-19
484.00	7.70e-19
484.45	7.92e-19
484.90	8.15e-19
485.36	8.52e-19
485.81	8.93e-19
486.26	9.13e-19
486.72	9.17e-19
487.17	9.25e-19
487.62	9.39e-19
488.08	9.51e-19
488.53	9.55e-19
488.98	9.60e-19
489.43	9.90e-19
489.89	1.02e-18
490.34	1.02e-18
490.79	9.98e-19
491.25	9.90e-19
491.70	9.90e-19
492.15	9.93e-19
492.60	1.00e-18
493.06	1.01e-18
493.51	1.01e-18
493.96	1.01e-18
494.42	1.03e-18
494.87	1.05e-18
495.32	1.11e-18
495.77	1.18e-18
496.23	1.21e-18
496.68	1.22e-18
497.13	1.22e-18
497.58	1.21e-18
498.04	1.20e-18
498.49	1.19e-18
498.94	1.17e-18
499.39	1.15e-18
499.84	1.14e-18
500.30	1.12e-18
500.75	1.12e-18
501.20	1.11e-18
501.65	1.11e-18
502.11	1.11e-18
502.56	1.11e-18
503.01	1.11e-18
503.46	1.18e-18
503.91	1.25e-18
504.37	1.27e-18
504.82	1.28e-18
505.27	1.30e-18
505.72	1.32e-18
506.17	1.33e-18
506.63	1.30e-18
507.08	1.28e-18
507.53	1.27e-18
507.98	1.27e-18
508.43	1.30e-18
508.89	1.34e-18
509.34	1.40e-18
509.79	1.48e-18
510.24	1.56e-18
510.69	1.66e-18
511.14	1.74e-18
511.60	1.75e-18
512.05	1.76e-18
512.50	1.68e-18
512.95	1.61e-18
513.40	1.59e-18
513.85	1.58e-18
514.30	1.58e-18
514.76	1.58e-18
515.21	1.58e-18
515.66	1.57e-18
516.11	1.55e-18
516.56	1.52e-18
517.01	1.49e-18
517.46	1.47e-18
517.91	1.44e-18
518.37	1.48e-18
518.82	1.52e-18
519.27	1.58e-18
519.72	1.64e-18
520.17	1.71e-18
520.62	1.77e-18
521.07	1.84e-18
521.52	1.88e-18
521.97	1.93e-18
522.43	1.86e-18
522.88	1.79e-18
523.33	1.73e-18
523.78	1.67e-18
524.23	1.63e-18
524.68	1.60e-18
525.13	1.59e-18
525.58	1.61e-18
526.03	1.64e-18
526.48	1.72e-18
526.93	1.80e-18
527.38	1.92e-18
527.83	2.05e-18
528.28	2.18e-18
528.74	2.31e-18
529.19	2.36e-18
529.64	2.29e-18
530.09	2.22e-18
530.54	2.15e-18
530.99	2.09e-18
531.44	2.06e-18
531.89	2.03e-18
532.34	2.00e-18
532.79	1.96e-18
533.24	1.97e-18
533.69	2.01e-18
534.14	2.08e-18
534.59	2.19e-18
535.04	2.31e-18
535.49	2.43e-18
535.94	2.55e-18
536.39	2.57e-18
536.84	2.58e-18
537.29	2.51e-18
537.74	2.40e-18
538.19	2.28e-18
538.64	2.15e-18
539.09	2.05e-18
539.54	2.07e-18
539.99	2.10e-18
540.44	2.07e-18
540.89	2.05e-18
541.34	1.99e-18
541.79	1.91e-18
542.24	1.83e-18
542.69	1.74e-18
543.14	1.68e-18
543.59	1.69e-18
544.04	1.71e-18
544.49	1.83e-18
544.94	1.94e-18
545.39	2.14e-18
545.84	2.35e-18
546.28	2.56e-18
546.73	2.78e-18
547.18	2.92e-18
547.63	2.95e-18
548.08	2.96e-18
548.53	2.84e-18
548.98	2.72e-18
549.43	2.61e-18
549.88	2.51e-18
550.33	2.46e-18
550.78	2.44e-18
551.23	2.44e-18
551.68	2.46e-18
552.13	2.48e-18
552.57	2.50e-18
553.02	2.53e-18
553.47	2.65e-18
553.92	2.76e-18
554.37	2.90e-18
554.82	3.05e-18
555.27	3.15e-18
555.72	3.22e-18
556.17	3.27e-18
556.61	3.28e-18
557.06	3.30e-18
557.51	3.40e-18
557.96	3.50e-18
558.41	3.60e-18
558.86	3.69e-18
559.31	3.60e-18
559.76	3.42e-18
560.20	3.25e-18
560.65	3.10e-18
561.10	2.97e-18
561.55	2.94e-18
562.00	2.90e-18
562.45	2.85e-18
562.90	2.81e-18
563.34	2.77e-18
563.79	2.74e-18
564.24	2.72e-18
564.69	2.73e-18
565.14	2.75e-18
565.59	2.80e-18
566.03	2.85e-18
566.48	2.83e-18
566.93	2.81e-18
567.38	2.83e-18
567.83	2.84e-18
568.27	2.86e-18
568.72	2.88e-18
569.17	2.87e-18
569.62	2.83e-18
570.07	2.79e-18
570.51	2.77e-18
570.96	2.76e-18
571.41	2.75e-18
571.86	2.74e-18
572.31	2.75e-18
572.75	2.77e-18
573.20	2.80e-18
573.65	2.83e-18
574.10	2.88e-18
574.55	2.98e-18
574.99	3.08e-18
575.44	3.16e-18
575.89	3.25e-18
576.34	3.31e-18
576.78	3.36e-18
577.23	3.36e-18
577.68	3.33e-18
578.13	3.30e-18
578.57	3.27e-18
579.02	3.24e-18
579.47	3.29e-18
579.92	3.33e-18
580.36	3.42e-18
580.81	3.51e-18
581.26	3.48e-18
581.70	3.36e-18
582.15	3.23e-18
582.60	3.07e-18
583.05	2.92e-18
583.49	2.88e-18
583.94	2.83e-18
584.39	2.85e-18
584.84	2.88e-18
585.28	3.01e-18
585.73	3.20e-18
586.18	3.47e-18
586.62	3.84e-18
587.07	4.22e-18
587.52	4.62e-18
587.96	5.00e-18
588.41	5.49e-18
588.86	5.98e-18
589.30	6.08e-18
589.75	6.00e-18
590.20	5.86e-18
590.64	5.63e-18
591.09	5.41e-18
591.54	5.26e-18
591.98	5.12e-18
592.43	4.88e-18
592.88	4.64e-18
593.32	4.46e-18
593.77	4.28e-18
594.22	4.21e-18
594.66	4.26e-18
595.11	4.33e-18
595.56	4.47e-18
596.00	4.62e-18
596.45	4.50e-18
596.90	4.39e-18
597.34	4.13e-18
597.79	3.81e-18
598.23	3.54e-18
598.68	3.28e-18
599.13	3.06e-18
599.57	2.91e-18
600.02	2.76e-18
600.47	2.81e-18
600.91	2.85e-18
601.36	3.03e-18
601.80	3.23e-18
602.25	3.44e-18
602.70	3.66e-18
603.14	3.88e-18
603.59	4.14e-18
604.03	4.37e-18
604.48	4.37e-18
604.93	4.36e-18
605.37	3.98e-18
605.82	3.51e-18
606.26	3.08e-18
606.71	2.67e-18
607.15	2.32e-18
607.60	2.07e-18
608.05	1.84e-18
608.49	1.78e-18
608.94	1.72e-18
609.38	1.73e-18
609.83	1.76e-18
610.27	1.81e-18
610.72	1.87e-18
611.16	1.96e-18
611.61	2.11e-18
612.05	2.25e-18
612.50	2.43e-18
612.95	2.61e-18
613.39	2.60e-18
613.84	2.56e-18
614.28	2.47e-18
614.73	2.34e-18
615.17	2.23e-18
615.62	2.15e-18
616.06	2.09e-18
616.51	2.10e-18
616.95	2.11e-18
617.40	2.22e-18
617.84	2.35e-18
618.29	2.44e-18
618.73	2.51e-18
619.18	2.69e-18
619.62	3.00e-18
620.07	3.41e-18
620.51	4.27e-18
620.96	5.16e-18
621.40	7.22e-18
621.85	9.46e-18
622.29	1.15e-17
622.74	1.35e-17
623.18	1.42e-17
623.63	1.31e-17
624.07	1.18e-17
624.51	1.02e-17
624.96	8.53e-18
625.40	7.95e-18
625.85	7.46e-18
626.29	7.37e-18
626.74	7.47e-18
627.18	7.50e-18
627.63	7.43e-18
628.07	7.34e-18
628.52	7.17e-18
628.96	7.00e-18
629.40	6.89e-18
629.85	6.79e-18
630.29	6.20e-18
630.74	5.34e-18
631.18	4.56e-18
631.62	3.87e-18
632.07	3.19e-18
632.51	2.71e-18
632.96	2.21e-18
633.40	1.96e-18
633.85	1.72e-18
634.29	1.58e-18
634.73	1.49e-18
635.18	1.48e-18
635.62	1.60e-18
636.07	1.72e-18
636.51	1.88e-18
636.95	2.05e-18
637.40	2.05e-18
637.84	2.04e-18
638.28	1.90e-18
638.73	1.70e-18
639.17	1.52e-18
639.62	1.36e-18
640.06	1.22e-18
640.50	1.12e-18
640.95	1.01e-18
641.39	9.69e-19
641.83	9.34e-19
642.28	9.34e-19
642.72	9.56e-19
643.16	9.67e-19
643.61	9.58e-19
644.05	9.46e-19
644.49	9.06e-19
644.94	8.65e-19
645.38	8.18e-19
645.82	7.70e-19
646.27	7.37e-19
646.71	7.14e-19
647.15	6.88e-19
647.60	6.52e-19
648.04	6.17e-19
648.48	5.82e-19
648.93	5.46e-19
649.37	5.25e-19
649.81	5.08e-19
650.25	4.99e-19
650.72	4.96e-19
651.19	4.94e-19
651.66	4.92e-19
652.13	4.89e-19
652.60	4.87e-19
653.07	4.85e-19
653.54	4.83e-19
654.01	4.81e-19
654.48	4.79e-19
654.95	4.79e-19
655.42	4.85e-19
655.89	5.02e-19
656.36	5.50e-19
656.83	6.62e-19
657.30	9.00e-19
657.77	1.36e-18
658.24	2.19e-18
658.71	3.52e-18
659.18	5.50e-18
659.65	8.14e-18
660.12	1.13e-17
660.59	1.46e-17
661.06	1.76e-17
661.53	1.97e-17
662.00	2.04e-17
662.47	1.97e-17
662.94	1.76e-17
663.41	1.46e-17
663.88	1.13e-17
664.35	8.11e-18
664.82	5.47e-18
665.29	3.49e-18
665.76	2.15e-18
666.23	1.33e-18
666.70	8.58e-19
667.17	6.16e-19
667.64	5.00e-19
668.11	4.48e-19
668.58	4.26e-19
669.05	4.17e-19
669.52	4.12e-19
669.99	4.10e-19
670.46	4.08e-19
670.93	4.06e-19
671.40	4.04e-19
671.87	4.02e-19
672.34	4.00e-19
672.81	3.98e-19
673.28	3.96e-19
673.75	3.94e-19
674.22	3.92e-19
674.69	3.91e-19
675.16	3.89e-19
675.63	3.87e-19
676.10	3.85e-19
676.57	3.83e-19
677.04	3.82e-19
677.51	3.80e-19
677.98	3.78e-19
678.45	3.76e-19
678.92	3.74e-19
679.39	3.73e-19
679.86	3.71e-19
680.33	3.69e-19
