210.34	1.29e-20
210.81	0.00e+00
211.28	0.00e+00
211.75	0.00e+00
212.22	0.00e+00
212.69	0.00e+00
213.16	0.00e+00
213.63	0.00e+00
214.10	0.00e+00
214.57	1.11e-19
215.04	1.82e-19
215.50	1.70e-19
215.97	0.00e+00
216.44	0.00e+00
216.91	0.00e+00
217.38	0.00e+00
217.85	0.00e+00
218.32	0.00e+00
218.79	0.00e+00
219.26	0.00e+00
219.73	0.00e+00
220.20	0.00e+00
220.67	0.00e+00
221.14	0.00e+00
221.60	0.00e+00
222.07	0.00e+00
222.54	0.00e+00
223.01	0.00e+00
223.48	0.00e+00
223.95	0.00e+00
224.42	0.00e+00
224.89	0.00e+00
225.36	1.64e-20
225.82	1.15e-19
226.29	1.59e-19
226.76	1.56e-19
227.23	0.00e+00
227.70	0.00e+00
228.17	0.00e+00
228.64	0.00e+00
229.11	0.00e+00
229.57	0.00e+00
230.04	0.00e+00
230.51	0.00e+00
230.98	0.00e+00
231.45	0.00e+00
231.92	0.00e+00
232.39	0.00e+00
232.85	0.00e+00
233.32	0.00e+00
233.79	0.00e+00
234.26	0.00e+00
234.73	0.00e+00
235.19	0.00e+00
235.66	0.00e+00
236.13	0.00e+00
236.60	0.00e+00
237.07	0.00e+00
237.54	0.00e+00
238.00	0.00e+00
238.47	0.00e+00
238.94	0.00e+00
239.41	0.00e+00
239.88	0.00e+00
240.34	0.00e+00
240.81	0.00e+00
241.28	0.00e+00
241.75	0.00e+00
242.22	0.00e+00
242.68	0.00e+00
243.15	0.00e+00
243.62	0.00e+00
244.09	0.00e+00
244.55	0.00e+00
245.02	0.00e+00
245.49	0.00e+00
245.96	0.00e+00
246.42	0.00e+00
246.89	0.00e+00
247.36	0.00e+00
247.83	0.00e+00
248.29	0.00e+00
248.76	0.00e+00
249.23	0.00e+00
249.70	0.00e+00
250.16	0.00e+00
250.63	0.00e+00
251.10	0.00e+00
251.57	0.00e+00
252.03	0.00e+00
252.50	0.00e+00
252.97	0.00e+00
253.43	0.00e+00
253.90	0.00e+00
254.37	0.00e+00
254.84	0.00e+00
255.30	0.00e+00
255.77	0.00e+00
256.24	0.00e+00
256.70	0.00e+00
257.17	0.00e+00
257.64	0.00e+00
258.10	0.00e+00
258.57	0.00e+00
259.04	0.00e+00
259.51	0.00e+00
259.97	0.00e+00
260.44	0.00e+00
260.91	0.00e+00
261.37	0.00e+00
261.84	0.00e+00
262.31	0.00e+00
262.77	0.00e+00
263.24	0.00e+00
263.71	0.00e+00
264.17	0.00e+00
264.64	0.00e+00
265.10	0.00e+00
265.57	0.00e+00
266.04	0.00e+00
266.50	0.00e+00
266.97	0.00e+00
267.44	0.00e+00
267.90	0.00e+00
268.37	0.00e+00
268.84	0.00e+00
269.30	0.00e+00
269.77	0.00e+00
270.23	0.00e+00
270.70	0.00e+00
271.17	0.00e+00
271.63	0.00e+00
272.10	0.00e+00
272.56	0.00e+00
273.03	0.00e+00
273.50	0.00e+00
273.96	0.00e+00
274.43	0.00e+00
274.89	0.00e+00
275.36	0.00e+00
275.83	0.00e+00
276.29	0.00e+00
276.76	0.00e+00
277.22	0.00e+00
277.69	0.00e+00
278.15	0.00e+00
278.62	0.00e+00
279.09	0.00e+00
279.55	0.00e+00
280.02	0.00e+00
280.48	0.00e+00
280.95	0.00e+00
281.41	0.00e+00
281.88	0.00e+00
282.34	0.00e+00
282.81	0.00e+00
283.28	0.00e+00
283.74	0.00e+00
284.21	0.00e+00
284.67	0.00e+00
285.14	0.00e+00
285.60	0.00e+00
286.07	0.00e+00
286.53	0.00e+00
287.00	0.00e+00
287.46	0.00e+00
287.93	0.00e+00
288.39	0.00e+00
288.86	0.00e+00
289.32	0.00e+00
289.79	0.00e+00
290.25	0.00e+00
290.72	0.00e+00
291.18	0.00e+00
291.65	0.00e+00
292.11	0.00e+00
292.58	0.00e+00
293.04	0.00e+00
293.51	0.00e+00
293.97	0.00e+00
294.44	0.00e+00
294.90	0.00e+00
295.37	0.00e+00
295.83	0.00e+00
296.30	0.00e+00
296.76	0.00e+00
297.22	0.00e+00
297.69	0.00e+00
298.15	0.00e+00
298.62	0.00e+00
299.08	0.00e+00
299.55	0.00e+00
300.01	0.00e+00
300.48	0.00e+00
300.94	0.00e+00
301.40	0.00e+00
301.87	0.00e+00
302.33	0.00e+00
302.80	0.00e+00
303.26	0.00e+00
303.73	0.00e+00
304.19	0.00e+00
304.65	0.00e+00
305.12	0.00e+00
305.58	0.00e+00
306.05	0.00e+00
306.51	0.00e+00
306.97	0.00e+00
307.44	0.00e+00
307.90	0.00e+00
308.37	0.00e+00
308.83	0.00e+00
309.29	0.00e+00
309.76	0.00e+00
310.22	0.00e+00
310.68	0.00e+00
311.15	0.00e+00
311.61	0.00e+00
312.08	0.00e+00
312.54	0.00e+00
313.00	0.00e+00
313.47	0.00e+00
313.93	0.00e+00
314.39	0.00e+00
314.86	0.00e+00
315.32	0.00e+00
315.78	0.00e+00
316.25	0.00e+00
316.71	0.00e+00
317.17	0.00e+00
317.64	0.00e+00
318.10	0.00e+00
318.56	0.00e+00
319.03	0.00e+00
319.49	0.00e+00
319.95	0.00e+00
320.42	0.00e+00
320.88	0.00e+00
321.34	0.00e+00
321.81	0.00e+00
322.27	0.00e+00
322.73	0.00e+00
323.20	0.00e+00
323.66	0.00e+00
324.12	0.00e+00
324.58	0.00e+00
325.05	0.00e+00
325.51	0.00e+00
325.97	0.00e+00
326.44	0.00e+00
326.90	0.00e+00
327.36	0.00e+00
327.82	0.00e+00
328.29	0.00e+00
328.75	0.00e+00
329.21	0.00e+00
329.67	0.00e+00
330.14	0.00e+00
330.60	0.00e+00
331.06	0.00e+00
331.52	0.00e+00
331.99	0.00e+00
332.45	0.00e+00
332.91	0.00e+00
333.37	0.00e+00
333.84	0.00e+00
334.30	0.00e+00
334.76	0.00e+00
335.22	0.00e+00
335.69	0.00e+00
336.15	0.00e+00
336.61	0.00e+00
337.07	0.00e+00
337.53	0.00e+00
338.00	0.00e+00
338.46	0.00e+00
338.92	0.00e+00
339.38	0.00e+00
339.84	0.00e+00
340.31	0.00e+00
340.77	0.00e+00
341.23	0.00e+00
341.69	0.00e+00
342.15	0.00e+00
342.62	0.00e+00
343.08	0.00e+00
343.54	0.00e+00
344.00	0.00e+00
344.46	0.00e+00
344.92	0.00e+00
345.39	0.00e+00
345.85	0.00e+00
346.31	0.00e+00
346.77	0.00e+00
347.23	0.00e+00
347.69	0.00e+00
348.16	0.00e+00
348.62	0.00e+00
349.08	0.00e+00
349.54	0.00e+00
350.00	0.00e+00
350.46	0.00e+00
350.92	0.00e+00
351.39	0.00e+00
351.85	0.00e+00
352.31	0.00e+00
352.77	0.00e+00
353.23	0.00e+00
353.69	0.00e+00
354.15	0.00e+00
354.61	0.00e+00
355.08	0.00e+00
355.54	0.00e+00
356.00	0.00e+00
356.46	0.00e+00
356.92	0.00e+00
357.38	0.00e+00
357.84	0.00e+00
358.30	0.00e+00
358.76	0.00e+00
359.22	0.00e+00
359.68	0.00e+00
360.15	0.00e+00
360.61	0.00e+00
361.07	0.00e+00
361.53	0.00e+00
361.99	0.00e+00
362.45	0.00e+00
362.91	0.00e+00
363.37	0.00e+00
363.83	0.00e+00
364.29	0.00e+00
364.75	0.00e+00
365.21	0.00e+00
365.67	0.00e+00
366.13	0.00e+00
366.59	0.00e+00
367.05	0.00e+00
367.51	0.00e+00
367.97	0.00e+00
368.43	0.00e+00
368.90	0.00e+00
369.36	0.00e+00
369.82	0.00e+00
370.28	0.00e+00
370.74	0.00e+00
371.20	0.00e+00
371.66	0.00e+00
372.12	0.00e+00
372.58	0.00e+00
373.04	0.00e+00
373.50	0.00e+00
373.96	0.00e+00
374.42	0.00e+00
374.88	0.00e+00
375.34	0.00e+00
375.80	0.00e+00
376.26	0.00e+00
376.72	0.00e+00
377.18	0.00e+00
377.63	0.00e+00
378.09	0.00e+00
378.55	0.00e+00
379.01	0.00e+00
379.47	0.00e+00
379.93	0.00e+00
380.39	0.00e+00
380.85	0.00e+00
381.31	0.00e+00
381.77	0.00e+00
382.23	0.00e+00
382.69	0.00e+00
383.15	0.00e+00
383.61	0.00e+00
384.07	0.00e+00
384.53	0.00e+00
384.99	0.00e+00
385.45	0.00e+00
385.91	0.00e+00
386.36	0.00e+00
386.82	0.00e+00
387.28	0.00e+00
387.74	0.00e+00
388.20	0.00e+00
388.66	0.00e+00
389.12	0.00e+00
389.58	0.00e+00
390.04	0.00e+00
390.50	0.00e+00
390.96	0.00e+00
391.41	0.00e+00
391.87	0.00e+00
392.33	0.00e+00
392.79	0.00e+00
393.25	0.00e+00
393.71	0.00e+00
394.17	0.00e+00
394.63	0.00e+00
395.08	0.00e+00
395.54	0.00e+00
396.00	0.00e+00
396.46	0.00e+00
396.92	0.00e+00
397.38	0.00e+00
397.84	0.00e+00
398.29	0.00e+00
398.75	0.00e+00
399.21	0.00e+00
399.67	0.00e+00
400.13	0.00e+00
400.59	0.00e+00
401.04	0.00e+00
401.50	0.00e+00
401.96	0.00e+00
402.42	0.00e+00
402.88	0.00e+00
403.34	0.00e+00
403.79	0.00e+00
404.25	0.00e+00
404.71	0.00e+00
405.17	0.00e+00
405.63	0.00e+00
406.08	0.00e+00
406.54	0.00e+00
407.00	0.00e+00
407.46	0.00e+00
407.92	0.00e+00
408.37	0.00e+00
408.83	0.00e+00
409.29	0.00e+00
409.75	0.00e+00
410.21	0.00e+00
410.66	0.00e+00
411.12	0.00e+00
411.58	0.00e+00
412.04	0.00e+00
412.49	0.00e+00
412.95	0.00e+00
413.41	0.00e+00
413.87	0.00e+00
414.32	0.00e+00
414.78	0.00e+00
415.24	0.00e+00
415.70	0.00e+00
416.15	0.00e+00
416.61	0.00e+00
417.07	0.00e+00
417.53	0.00e+00
417.98	0.00e+00
418.44	0.00e+00
418.90	0.00e+00
419.35	0.00e+00
419.81	0.00e+00
420.27	0.00e+00
420.73	0.00e+00
421.18	0.00e+00
421.64	0.00e+00
422.10	0.00e+00
422.55	0.00e+00
423.01	0.00e+00
423.47	0.00e+00
423.93	0.00e+00
424.38	0.00e+00
424.84	0.00e+00
425.30	0.00e+00
425.75	0.00e+00
426.21	0.00e+00
426.67	0.00e+00
427.12	0.00e+00
427.58	0.00e+00
428.04	0.00e+00
428.49	0.00e+00
428.95	0.00e+00
429.41	0.00e+00
429.86	0.00e+00
430.32	0.00e+00
430.78	0.00e+00
431.23	0.00e+00
431.69	0.00e+00
432.15	0.00e+00
432.60	0.00e+00
433.06	0.00e+00
433.51	0.00e+00
433.97	0.00e+00
434.43	0.00e+00
434.88	0.00e+00
435.34	0.00e+00
435.80	0.00e+00
436.25	0.00e+00
436.71	0.00e+00
437.16	0.00e+00
437.62	0.00e+00
438.08	0.00e+00
438.53	0.00e+00
438.99	0.00e+00
439.44	0.00e+00
439.90	0.00e+00
440.36	0.00e+00
440.81	0.00e+00
441.27	0.00e+00
441.72	0.00e+00
442.18	0.00e+00
442.64	0.00e+00
443.09	0.00e+00
443.55	0.00e+00
444.00	0.00e+00
444.46	0.00e+00
444.91	0.00e+00
445.37	0.00e+00
445.83	0.00e+00
446.28	0.00e+00
446.74	0.00e+00
447.19	0.00e+00
447.65	0.00e+00
448.10	0.00e+00
448.56	0.00e+00
449.01	0.00e+00
449.47	0.00e+00
449.92	0.00e+00
450.38	0.00e+00
450.84	0.00e+00
451.29	0.00e+00
451.75	0.00e+00
452.20	0.00e+00
452.66	0.00e+00
453.11	0.00e+00
453.57	0.00e+00
454.02	0.00e+00
454.48	0.00e+00
454.93	0.00e+00
455.39	0.00e+00
455.84	0.00e+00
456.30	0.00e+00
456.75	0.00e+00
457.21	0.00e+00
457.66	0.00e+00
458.12	0.00e+00
458.57	0.00e+00
459.03	0.00e+00
459.48	0.00e+00
459.94	0.00e+00
460.39	0.00e+00
460.84	0.00e+00
461.30	0.00e+00
461.75	0.00e+00
462.21	0.00e+00
462.66	0.00e+00
463.12	0.00e+00
463.57	0.00e+00
464.03	0.00e+00
464.48	0.00e+00
464.94	0.00e+00
465.39	0.00e+00
465.84	0.00e+00
466.30	0.00e+00
466.75	0.00e+00
467.21	0.00e+00
467.66	0.00e+00
468.12	0.00e+00
468.57	0.00e+00
469.02	0.00e+00
469.48	0.00e+00
469.93	0.00e+00
470.39	0.00e+00
470.84	0.00e+00
471.30	0.00e+00
471.75	0.00e+00
472.20	0.00e+00
472.66	0.00e+00
473.11	0.00e+00
473.57	0.00e+00
474.02	0.00e+00
474.47	0.00e+00
474.93	0.00e+00
475.38	0.00e+00
475.83	0.00e+00
476.29	0.00e+00
476.74	0.00e+00
477.20	0.00e+00
477.65	0.00e+00
478.10	0.00e+00
478.56	0.00e+00
479.01	0.00e+00
479.46	0.00e+00
479.92	0.00e+00
480.37	0.00e+00
480.82	0.00e+00
481.28	0.00e+00
481.73	0.00e+00
482.18	0.00e+00
482.64	0.00e+00
483.09	0.00e+00
483.54	0.00e+00
484.00	0.00e+00
484.45	0.00e+00
484.90	0.00e+00
485.36	0.00e+00
485.81	0.00e+00
486.26	0.00e+00
486.72	0.00e+00
487.17	0.00e+00
487.62	0.00e+00
488.08	0.00e+00
488.53	0.00e+00
488.98	0.00e+00
489.43	0.00e+00
489.89	0.00e+00
490.34	0.00e+00
490.79	0.00e+00
491.25	0.00e+00
491.70	0.00e+00
492.15	0.00e+00
492.60	0.00e+00
493.06	0.00e+00
493.51	0.00e+00
493.96	0.00e+00
494.42	0.00e+00
494.87	0.00e+00
495.32	0.00e+00
495.77	0.00e+00
496.23	0.00e+00
496.68	0.00e+00
497.13	0.00e+00
497.58	0.00e+00
498.04	0.00e+00
498.49	0.00e+00
498.94	0.00e+00
499.39	0.00e+00
499.84	0.00e+00
500.30	0.00e+00
500.75	0.00e+00
501.20	0.00e+00
501.65	0.00e+00
502.11	0.00e+00
502.56	0.00e+00
503.01	0.00e+00
503.46	0.00e+00
503.91	0.00e+00
504.37	0.00e+00
504.82	0.00e+00
505.27	0.00e+00
505.72	0.00e+00
506.17	0.00e+00
506.63	0.00e+00
507.08	0.00e+00
507.53	0.00e+00
507.98	0.00e+00
508.43	0.00e+00
508.89	0.00e+00
509.34	0.00e+00
509.79	0.00e+00
510.24	0.00e+00
510.69	0.00e+00
511.14	0.00e+00
511.60	0.00e+00
512.05	0.00e+00
512.50	0.00e+00
512.95	0.00e+00
513.40	0.00e+00
513.85	0.00e+00
514.30	0.00e+00
514.76	0.00e+00
515.21	0.00e+00
515.66	0.00e+00
516.11	0.00e+00
516.56	0.00e+00
517.01	0.00e+00
517.46	0.00e+00
517.91	0.00e+00
518.37	0.00e+00
518.82	0.00e+00
519.27	0.00e+00
519.72	0.00e+00
520.17	0.00e+00
520.62	0.00e+00
521.07	0.00e+00
521.52	0.00e+00
521.97	0.00e+00
522.43	0.00e+00
522.88	0.00e+00
523.33	0.00e+00
523.78	0.00e+00
524.23	0.00e+00
524.68	0.00e+00
525.13	0.00e+00
525.58	0.00e+00
526.03	0.00e+00
526.48	0.00e+00
526.93	0.00e+00
527.38	0.00e+00
527.83	0.00e+00
528.28	0.00e+00
528.74	0.00e+00
529.19	0.00e+00
529.64	0.00e+00
530.09	0.00e+00
530.54	0.00e+00
530.99	0.00e+00
531.44	0.00e+00
531.89	0.00e+00
532.34	0.00e+00
532.79	0.00e+00
533.24	0.00e+00
533.69	0.00e+00
534.14	0.00e+00
534.59	0.00e+00
535.04	0.00e+00
535.49	0.00e+00
535.94	0.00e+00
536.39	0.00e+00
536.84	0.00e+00
537.29	0.00e+00
537.74	0.00e+00
538.19	0.00e+00
538.64	0.00e+00
539.09	0.00e+00
539.54	0.00e+00
539.99	0.00e+00
540.44	0.00e+00
540.89	0.00e+00
541.34	0.00e+00
541.79	0.00e+00
542.24	0.00e+00
542.69	0.00e+00
543.14	0.00e+00
543.59	0.00e+00
544.04	0.00e+00
544.49	0.00e+00
544.94	0.00e+00
545.39	0.00e+00
545.84	0.00e+00
546.28	0.00e+00
546.73	0.00e+00
547.18	0.00e+00
547.63	0.00e+00
548.08	0.00e+00
548.53	0.00e+00
548.98	0.00e+00
549.43	0.00e+00
549.88	0.00e+00
550.33	0.00e+00
550.78	0.00e+00
551.23	0.00e+00
551.68	0.00e+00
552.13	0.00e+00
552.57	0.00e+00
553.02	0.00e+00
553.47	0.00e+00
553.92	0.00e+00
554.37	0.00e+00
554.82	0.00e+00
555.27	0.00e+00
555.72	0.00e+00
556.17	0.00e+00
556.61	0.00e+00
557.06	0.00e+00
557.51	0.00e+00
557.96	0.00e+00
558.41	0.00e+00
558.86	0.00e+00
559.31	0.00e+00
559.76	0.00e+00
560.20	0.00e+00
560.65	0.00e+00
561.10	0.00e+00
561.55	0.00e+00
562.00	0.00e+00
562.45	0.00e+00
562.90	0.00e+00
563.34	0.00e+00
563.79	0.00e+00
564.24	0.00e+00
564.69	0.00e+00
565.14	0.00e+00
565.59	0.00e+00
566.03	0.00e+00
566.48	0.00e+00
566.93	0.00e+00
567.38	0.00e+00
567.83	0.00e+00
568.27	0.00e+00
568.72	0.00e+00
569.17	0.00e+00
569.62	0.00e+00
570.07	0.00e+00
570.51	0.00e+00
570.96	0.00e+00
571.41	0.00e+00
571.86	0.00e+00
572.31	0.00e+00
572.75	0.00e+00
573.20	0.00e+00
573.65	0.00e+00
574.10	0.00e+00
574.55	0.00e+00
574.99	0.00e+00
575.44	0.00e+00
575.89	0.00e+00
576.34	0.00e+00
576.78	0.00e+00
577.23	0.00e+00
577.68	0.00e+00
578.13	0.00e+00
578.57	0.00e+00
579.02	0.00e+00
579.47	0.00e+00
579.92	0.00e+00
580.36	0.00e+00
580.81	0.00e+00
581.26	0.00e+00
581.70	0.00e+00
582.15	0.00e+00
582.60	0.00e+00
583.05	0.00e+00
583.49	0.00e+00
583.94	0.00e+00
584.39	0.00e+00
584.84	0.00e+00
585.28	0.00e+00
585.73	0.00e+00
586.18	0.00e+00
586.62	0.00e+00
587.07	0.00e+00
587.52	0.00e+00
587.96	0.00e+00
588.41	0.00e+00
588.86	0.00e+00
589.30	0.00e+00
589.75	0.00e+00
590.20	0.00e+00
590.64	0.00e+00
591.09	0.00e+00
591.54	0.00e+00
591.98	0.00e+00
592.43	0.00e+00
592.88	0.00e+00
593.32	0.00e+00
593.77	0.00e+00
594.22	0.00e+00
594.66	0.00e+00
595.11	0.00e+00
595.56	0.00e+00
596.00	0.00e+00
596.45	0.00e+00
596.90	0.00e+00
597.34	0.00e+00
597.79	0.00e+00
598.23	0.00e+00
598.68	0.00e+00
599.13	0.00e+00
599.57	0.00e+00
600.02	0.00e+00
600.47	0.00e+00
600.91	0.00e+00
601.36	0.00e+00
601.80	0.00e+00
602.25	0.00e+00
602.70	0.00e+00
603.14	0.00e+00
603.59	0.00e+00
604.03	0.00e+00
604.48	0.00e+00
604.93	0.00e+00
605.37	0.00e+00
605.82	0.00e+00
606.26	0.00e+00
606.71	0.00e+00
607.15	0.00e+00
607.60	0.00e+00
608.05	0.00e+00
608.49	0.00e+00
608.94	0.00e+00
609.38	0.00e+00
609.83	0.00e+00
610.27	0.00e+00
610.72	0.00e+00
611.16	0.00e+00
611.61	0.00e+00
612.05	0.00e+00
612.50	0.00e+00
612.95	0.00e+00
613.39	0.00e+00
613.84	0.00e+00
614.28	0.00e+00
614.73	0.00e+00
615.17	0.00e+00
615.62	0.00e+00
616.06	0.00e+00
616.51	0.00e+00
616.95	0.00e+00
617.40	0.00e+00
617.84	0.00e+00
618.29	0.00e+00
618.73	0.00e+00
619.18	0.00e+00
619.62	0.00e+00
620.07	0.00e+00
620.51	0.00e+00
620.96	0.00e+00
621.40	0.00e+00
621.85	0.00e+00
622.29	0.00e+00
622.74	0.00e+00
623.18	0.00e+00
623.63	0.00e+00
624.07	0.00e+00
624.51	0.00e+00
624.96	0.00e+00
625.40	0.00e+00
625.85	0.00e+00
626.29	0.00e+00
626.74	0.00e+00
627.18	0.00e+00
627.63	0.00e+00
628.07	0.00e+00
628.52	0.00e+00
628.96	0.00e+00
629.40	0.00e+00
629.85	0.00e+00
630.29	0.00e+00
630.74	0.00e+00
631.18	0.00e+00
631.62	0.00e+00
632.07	0.00e+00
632.51	0.00e+00
632.96	0.00e+00
633.40	0.00e+00
633.85	0.00e+00
634.29	0.00e+00
634.73	0.00e+00
635.18	0.00e+00
635.62	0.00e+00
636.07	0.00e+00
636.51	0.00e+00
636.95	0.00e+00
637.40	0.00e+00
637.84	0.00e+00
638.28	0.00e+00
638.73	0.00e+00
639.17	0.00e+00
639.62	0.00e+00
640.06	0.00e+00
640.50	0.00e+00
640.95	0.00e+00
641.39	0.00e+00
641.83	0.00e+00
642.28	0.00e+00
642.72	0.00e+00
643.16	0.00e+00
643.61	0.00e+00
644.05	0.00e+00
644.49	0.00e+00
644.94	0.00e+00
645.38	0.00e+00
645.82	0.00e+00
646.27	0.00e+00
646.71	0.00e+00
647.15	0.00e+00
647.60	0.00e+00
648.04	0.00e+00
648.48	0.00e+00
648.93	0.00e+00
649.37	0.00e+00
649.81	0.00e+00
