210.34	5.95e-19
210.81	6.27e-19
211.28	6.62e-19
211.75	7.00e-19
212.22	7.39e-19
212.69	7.82e-19
213.16	8.26e-19
213.63	8.73e-19
214.10	9.21e-19
214.57	9.74e-19
215.04	1.03e-18
215.50	1.08e-18
215.97	1.14e-18
216.44	1.21e-18
216.91	1.27e-18
217.38	1.34e-18
217.85	1.42e-18
218.32	1.49e-18
218.79	1.57e-18
219.26	1.65e-18
219.73	1.74e-18
220.20	1.82e-18
220.67	1.92e-18
221.14	2.01e-18
221.60	2.11e-18
222.07	2.22e-18
222.54	2.32e-18
223.01	2.43e-18
223.48	2.55e-18
223.95	2.67e-18
224.42	2.79e-18
224.89	2.91e-18
225.36	3.04e-18
225.82	3.18e-18
226.29	3.31e-18
226.76	3.44e-18
227.23	3.59e-18
227.70	3.73e-18
228.17	3.88e-18
228.64	4.03e-18
229.11	4.18e-18
229.57	4.33e-18
230.04	4.49e-18
230.51	4.65e-18
230.98	4.81e-18
231.45	4.98e-18
231.92	5.15e-18
232.39	5.32e-18
232.85	5.49e-18
233.32	5.66e-18
233.79	5.82e-18
234.26	6.00e-18
234.73	6.20e-18
235.19	6.39e-18
235.66	6.58e-18
236.13	6.77e-18
236.60	6.95e-18
237.07	7.12e-18
237.54	7.31e-18
238.00	7.49e-18
238.47	7.64e-18
238.94	7.80e-18
239.41	8.02e-18
239.88	8.25e-18
240.34	8.41e-18
240.81	8.55e-18
241.28	8.71e-18
241.75	8.88e-18
242.22	9.05e-18
242.68	9.22e-18
243.15	9.39e-18
243.62	9.57e-18
244.09	9.74e-18
244.55	9.84e-18
245.02	9.94e-18
245.49	1.01e-17
245.96	1.03e-17
246.42	1.04e-17
246.89	1.05e-17
247.36	1.06e-17
247.83	1.07e-17
248.29	1.08e-17
248.76	1.10e-17
249.23	1.11e-17
249.70	1.12e-17
250.16	1.12e-17
250.63	1.12e-17
251.10	1.12e-17
251.57	1.14e-17
252.03	1.15e-17
252.50	1.15e-17
252.97	1.14e-17
253.43	1.15e-17
253.90	1.16e-17
254.37	1.16e-17
254.84	1.16e-17
255.30	1.16e-17
255.77	1.16e-17
256.24	1.15e-17
256.70	1.14e-17
257.17	1.14e-17
257.64	1.13e-17
258.10	1.13e-17
258.57	1.14e-17
259.04	1.14e-17
259.51	1.11e-17
259.97	1.08e-17
260.44	1.09e-17
260.91	1.09e-17
261.37	1.08e-17
261.84	1.06e-17
262.31	1.05e-17
262.77	1.03e-17
263.24	1.02e-17
263.71	1.01e-17
264.17	9.99e-18
264.64	9.80e-18
265.10	9.64e-18
265.57	9.56e-18
266.04	9.46e-18
266.50	9.16e-18
266.97	8.86e-18
267.44	8.80e-18
267.90	8.76e-18
268.37	8.51e-18
268.84	8.21e-18
269.30	8.07e-18
269.77	8.01e-18
270.23	7.85e-18
270.70	7.58e-18
271.17	7.37e-18
271.63	7.25e-18
272.10	7.10e-18
272.56	6.90e-18
273.03	6.68e-18
273.50	6.42e-18
273.96	6.16e-18
274.43	6.04e-18
274.89	5.94e-18
275.36	5.75e-18
275.83	5.53e-18
276.29	5.35e-18
276.76	5.18e-18
277.22	5.00e-18
277.69	4.80e-18
278.15	4.62e-18
278.62	4.46e-18
279.09	4.30e-18
279.55	4.15e-18
280.02	3.99e-18
280.48	3.84e-18
280.95	3.69e-18
281.41	3.50e-18
281.88	3.30e-18
282.34	3.17e-18
282.81	3.07e-18
283.28	2.94e-18
283.74	2.79e-18
284.21	2.66e-18
284.67	2.55e-18
285.14	2.43e-18
285.60	2.33e-18
286.07	2.22e-18
286.53	2.13e-18
287.00	2.03e-18
287.46	1.90e-18
287.93	1.77e-18
288.39	1.69e-18
288.86	1.61e-18
289.32	1.53e-18
289.79	1.45e-18
290.25	1.38e-18
290.72	1.32e-18
291.18	1.25e-18
291.65	1.17e-18
292.11	1.10e-18
292.58	1.05e-18
293.04	9.97e-19
293.51	9.35e-19
293.97	8.75e-19
294.44	8.29e-19
294.90	7.85e-19
295.37	7.37e-19
295.83	6.90e-19
296.30	6.50e-19
296.76	6.14e-19
297.22	5.77e-19
297.69	5.38e-19
298.15	5.04e-19
298.62	4.77e-19
299.08	4.50e-19
299.55	4.23e-19
300.01	3.96e-19
300.48	3.72e-19
300.94	3.49e-19
301.40	3.31e-19
301.87	3.12e-19
302.33	2.93e-19
302.80	2.73e-19
303.26	2.59e-19
303.73	2.47e-19
304.19	2.33e-19
304.65	2.15e-19
305.12	1.99e-19
305.58	1.89e-19
306.05	1.80e-19
306.51	1.68e-19
306.97	1.57e-19
307.44	1.48e-19
307.90	1.38e-19
308.37	1.32e-19
308.83	1.26e-19
309.29	1.18e-19
309.76	1.07e-19
310.22	9.99e-20
310.68	9.56e-20
311.15	9.06e-20
311.61	8.46e-20
312.08	7.86e-20
312.54	7.37e-20
313.00	6.88e-20
313.47	6.61e-20
313.93	6.34e-20
314.39	5.87e-20
314.86	5.35e-20
315.32	5.07e-20
315.78	4.88e-20
316.25	4.63e-20
316.71	4.33e-20
317.17	4.08e-20
317.64	3.90e-20
318.10	3.66e-20
318.56	3.20e-20
319.03	2.78e-20
319.49	3.00e-20
319.95	3.22e-20
320.42	2.74e-20
320.88	2.19e-20
321.34	2.17e-20
321.81	2.36e-20
322.27	2.31e-20
322.73	2.11e-20
323.20	1.84e-20
323.66	1.50e-20
324.12	1.31e-20
324.58	1.53e-20
325.05	1.70e-20
325.51	1.41e-20
325.97	1.12e-20
326.44	1.01e-20
326.90	9.09e-21
327.36	1.04e-20
327.82	1.23e-20
328.29	1.11e-20
328.75	8.13e-21
329.21	6.17e-21
329.67	5.44e-21
330.14	5.40e-21
330.60	6.97e-21
331.06	8.09e-21
331.52	6.26e-21
331.99	4.39e-21
332.45	3.98e-21
332.91	3.60e-21
333.37	4.20e-21
333.84	5.05e-21
334.30	4.47e-21
334.76	3.13e-21
335.22	2.31e-21
335.69	2.05e-21
336.15	2.08e-21
336.61	2.71e-21
337.07	3.16e-21
337.53	2.63e-21
338.00	2.09e-21
338.46	1.74e-21
338.92	1.40e-21
339.38	1.62e-21
339.84	1.96e-21
340.31	1.79e-21
340.77	1.35e-21
341.23	1.05e-21
341.69	8.87e-22
342.15	8.06e-22
342.62	9.01e-22
343.08	1.01e-21
343.54	1.22e-21
344.00	1.42e-21
344.46	1.06e-21
344.92	7.06e-22
345.39	6.43e-22
345.85	6.41e-22
346.31	5.87e-22
346.77	5.07e-22
347.23	4.48e-22
347.69	4.11e-22
348.16	3.68e-22
348.62	3.15e-22
349.08	2.73e-22
349.54	2.83e-22
350.00	2.94e-22
350.46	2.88e-22
350.92	2.82e-22
351.39	2.91e-22
351.85	3.04e-22
352.31	2.83e-22
352.77	2.48e-22
353.23	2.07e-22
353.69	1.61e-22
354.15	1.26e-22
354.61	1.14e-22
355.08	1.03e-22
355.54	9.54e-23
356.00	8.77e-23
356.46	1.06e-22
356.92	1.24e-22
357.38	1.15e-22
357.84	1.01e-22
358.30	8.97e-23
358.76	7.96e-23
359.22	7.57e-23
359.68	7.86e-23
360.15	7.72e-23
360.61	6.66e-23
361.07	5.61e-23
361.53	4.63e-23
361.99	3.66e-23
362.45	3.31e-23
362.91	2.97e-23
363.37	2.70e-23
363.83	2.44e-23
364.29	2.90e-23
364.75	3.77e-23
365.21	4.12e-23
365.67	3.86e-23
366.13	3.46e-23
366.59	2.70e-23
367.05	1.99e-23
367.51	1.72e-23
367.97	1.44e-23
368.43	1.49e-23
368.90	1.56e-23
369.36	1.50e-23
369.82	1.41e-23
370.28	1.35e-23
370.74	1.29e-23
371.20	1.18e-23
371.66	9.75e-24
372.12	8.25e-24
372.58	8.19e-24
373.04	8.30e-24
373.50	1.02e-23
373.96	1.21e-23
374.42	1.14e-23
374.88	1.04e-23
375.34	8.98e-24
375.80	7.44e-24
376.26	6.31e-24
376.72	5.49e-24
377.18	4.94e-24
377.63	4.81e-24
378.09	4.87e-24
378.55	5.72e-24
379.01	6.55e-24
379.47	6.60e-24
379.93	6.65e-24
380.39	6.21e-24
380.85	5.68e-24
381.31	5.37e-24
381.77	5.17e-24
382.23	5.19e-24
382.69	5.43e-24
383.15	5.61e-24
383.61	5.65e-24
384.07	5.66e-24
384.53	5.47e-24
384.99	5.29e-24
385.45	5.15e-24
385.91	5.02e-24
386.36	5.15e-24
386.82	5.34e-24
387.28	5.61e-24
387.74	5.95e-24
388.20	6.27e-24
388.66	6.58e-24
389.12	6.80e-24
389.58	6.76e-24
390.04	6.72e-24
390.50	6.70e-24
390.96	6.67e-24
391.41	6.76e-24
391.87	6.85e-24
392.33	7.13e-24
392.79	7.48e-24
393.25	7.99e-24
393.71	8.64e-24
394.17	9.26e-24
394.63	9.81e-24
395.08	1.03e-23
395.54	1.04e-23
396.00	1.06e-23
396.46	1.03e-23
396.92	1.01e-23
397.38	9.89e-24
397.84	9.72e-24
398.29	9.74e-24
398.75	9.86e-24
399.21	1.01e-23
399.67	1.06e-23
400.13	1.12e-23
400.59	1.19e-23
401.04	1.26e-23
401.50	1.33e-23
401.96	1.40e-23
402.42	1.44e-23
402.88	1.47e-23
403.34	1.48e-23
403.79	1.48e-23
404.25	1.48e-23
404.71	1.47e-23
405.17	1.49e-23
405.63	1.54e-23
406.08	1.61e-23
406.54	1.73e-23
407.00	1.86e-23
407.46	2.04e-23
407.92	2.21e-23
408.37	2.36e-23
408.83	2.50e-23
409.29	2.60e-23
409.75	2.66e-23
410.21	2.70e-23
410.66	2.71e-23
411.12	2.70e-23
411.58	2.65e-23
412.04	2.59e-23
412.49	2.54e-23
412.95	2.49e-23
413.41	2.51e-23
413.87	2.53e-23
414.32	2.63e-23
414.78	2.76e-23
415.24	2.92e-23
415.70	3.12e-23
416.15	3.29e-23
416.61	3.45e-23
417.07	3.59e-23
417.53	3.65e-23
417.98	3.71e-23
418.44	3.70e-23
418.90	3.69e-23
419.35	3.69e-23
419.81	3.68e-23
420.27	3.75e-23
420.73	3.87e-23
421.18	4.05e-23
421.64	4.32e-23
422.10	4.62e-23
422.55	4.98e-23
423.01	5.35e-23
423.47	5.75e-23
423.93	6.15e-23
424.38	6.47e-23
424.84	6.78e-23
425.30	6.97e-23
425.75	7.09e-23
426.21	7.12e-23
426.67	7.07e-23
427.12	6.98e-23
427.58	6.83e-23
428.04	6.67e-23
428.49	6.55e-23
428.95	6.42e-23
429.41	6.45e-23
429.86	6.50e-23
430.32	6.70e-23
430.78	6.97e-23
431.23	7.30e-23
431.69	7.70e-23
432.15	8.08e-23
432.60	8.38e-23
433.06	8.66e-23
433.51	8.75e-23
433.97	8.84e-23
434.43	8.79e-23
434.88	8.72e-23
435.34	8.68e-23
435.80	8.65e-23
436.25	8.73e-23
436.71	8.91e-23
437.16	9.20e-23
437.62	9.69e-23
438.08	1.02e-22
438.53	1.10e-22
438.99	1.17e-22
439.44	1.26e-22
439.90	1.35e-22
440.36	1.44e-22
440.81	1.52e-22
441.27	1.60e-22
441.72	1.66e-22
442.18	1.72e-22
442.64	1.75e-22
443.09	1.77e-22
443.55	1.76e-22
444.00	1.74e-22
444.46	1.69e-22
444.91	1.65e-22
445.37	1.60e-22
445.83	1.56e-22
446.28	1.53e-22
446.74	1.51e-22
447.19	1.51e-22
447.65	1.55e-22
448.10	1.59e-22
448.56	1.66e-22
449.01	1.73e-22
449.47	1.81e-22
449.92	1.89e-22
450.38	1.93e-22
450.84	1.98e-22
451.29	1.99e-22
451.75	1.99e-22
452.20	1.99e-22
452.66	1.97e-22
453.11	1.96e-22
453.57	1.96e-22
454.02	1.96e-22
454.48	2.01e-22
454.93	2.05e-22
455.39	2.14e-22
455.84	2.24e-22
456.30	2.38e-22
456.75	2.52e-22
457.21	2.68e-22
457.66	2.85e-22
458.12	3.02e-22
458.57	3.20e-22
459.03	3.37e-22
459.48	3.54e-22
459.94	3.71e-22
460.39	3.84e-22
460.84	3.96e-22
461.30	4.04e-22
461.75	4.08e-22
462.21	4.08e-22
462.66	4.04e-22
463.12	3.97e-22
463.57	3.87e-22
464.03	3.77e-22
464.48	3.67e-22
464.94	3.57e-22
465.39	3.51e-22
465.84	3.45e-22
466.30	3.45e-22
466.75	3.48e-22
467.21	3.55e-22
467.66	3.65e-22
468.12	3.76e-22
468.57	3.88e-22
469.02	3.99e-22
469.48	4.08e-22
469.93	4.16e-22
470.39	4.20e-22
470.84	4.23e-22
471.30	4.25e-22
471.75	4.25e-22
472.20	4.25e-22
472.66	4.26e-22
473.11	4.27e-22
473.57	4.32e-22
474.02	4.37e-22
474.47	4.49e-22
474.93	4.61e-22
475.38	4.79e-22
475.83	4.99e-22
476.29	5.22e-22
476.74	5.47e-22
477.20	5.74e-22
477.65	6.03e-22
478.10	6.32e-22
478.56	6.63e-22
479.01	6.93e-22
479.46	7.24e-22
479.92	7.55e-22
480.37	7.81e-22
480.82	8.07e-22
481.28	8.28e-22
481.73	8.44e-22
482.18	8.54e-22
482.64	8.57e-22
483.09	8.58e-22
483.54	8.50e-22
484.00	8.41e-22
484.45	8.27e-22
484.90	8.13e-22
485.36	7.98e-22
485.81	7.84e-22
486.26	7.73e-22
486.72	7.64e-22
487.17	7.59e-22
487.62	7.60e-22
488.08	7.63e-22
488.53	7.73e-22
488.98	7.82e-22
489.43	7.96e-22
489.89	8.10e-22
490.34	8.23e-22
490.79	8.36e-22
491.25	8.46e-22
491.70	8.55e-22
492.15	8.62e-22
492.60	8.66e-22
493.06	8.70e-22
493.51	8.74e-22
493.96	8.77e-22
494.42	8.83e-22
494.87	8.89e-22
495.32	8.99e-22
495.77	9.12e-22
496.23	9.29e-22
496.68	9.49e-22
497.13	9.71e-22
497.58	9.99e-22
498.04	1.03e-21
498.49	1.06e-21
498.94	1.10e-21
499.39	1.14e-21
499.84	1.18e-21
500.30	1.23e-21
500.75	1.27e-21
501.20	1.32e-21
501.65	1.36e-21
502.11	1.41e-21
502.56	1.45e-21
503.01	1.49e-21
503.46	1.53e-21
503.91	1.56e-21
504.37	1.59e-21
504.82	1.61e-21
505.27	1.63e-21
505.72	1.64e-21
506.17	1.64e-21
506.63	1.64e-21
507.08	1.63e-21
507.53	1.62e-21
507.98	1.61e-21
508.43	1.60e-21
508.89	1.58e-21
509.34	1.57e-21
509.79	1.56e-21
510.24	1.55e-21
510.69	1.55e-21
511.14	1.55e-21
511.60	1.55e-21
512.05	1.55e-21
512.50	1.57e-21
512.95	1.58e-21
513.40	1.59e-21
513.85	1.61e-21
514.30	1.62e-21
514.76	1.64e-21
515.21	1.66e-21
515.66	1.67e-21
516.11	1.69e-21
516.56	1.70e-21
517.01	1.72e-21
517.46	1.73e-21
517.91	1.74e-21
518.37	1.76e-21
518.82	1.77e-21
519.27	1.79e-21
519.72	1.80e-21
520.17	1.82e-21
520.62	1.84e-21
521.07	1.87e-21
521.52	1.89e-21
521.97	1.92e-21
522.43	1.96e-21
522.88	1.99e-21
523.33	2.03e-21
523.78	2.06e-21
524.23	2.10e-21
524.68	2.15e-21
525.13	2.19e-21
525.58	2.23e-21
526.03	2.28e-21
526.48	2.32e-21
526.93	2.37e-21
527.38	2.42e-21
527.83	2.46e-21
528.28	2.51e-21
528.74	2.55e-21
529.19	2.59e-21
529.64	2.64e-21
530.09	2.67e-21
530.54	2.71e-21
530.99	2.74e-21
531.44	2.77e-21
531.89	2.80e-21
532.34	2.82e-21
532.79	2.83e-21
533.24	2.85e-21
533.69	2.85e-21
534.14	2.86e-21
534.59	2.86e-21
535.04	2.87e-21
535.49	2.86e-21
535.94	2.86e-21
536.39	2.86e-21
536.84	2.85e-21
537.29	2.86e-21
537.74	2.86e-21
538.19	2.86e-21
538.64	2.87e-21
539.09	2.88e-21
539.54	2.90e-21
539.99	2.93e-21
540.44	2.95e-21
540.89	2.97e-21
541.34	2.99e-21
541.79	3.01e-21
542.24	3.04e-21
542.69	3.06e-21
543.14	3.09e-21
543.59	3.11e-21
544.04	3.14e-21
544.49	3.16e-21
544.94	3.18e-21
545.39	3.20e-21
545.84	3.22e-21
546.28	3.23e-21
546.73	3.25e-21
547.18	3.27e-21
547.63	3.28e-21
548.08	3.30e-21
548.53	3.31e-21
548.98	3.32e-21
549.43	3.34e-21
549.88	3.35e-21
550.33	3.37e-21
550.78	3.38e-21
551.23	3.40e-21
551.68	3.41e-21
552.13	3.42e-21
552.57	3.44e-21
553.02	3.46e-21
553.47	3.48e-21
553.92	3.50e-21
554.37	3.52e-21
554.82	3.54e-21
555.27	3.57e-21
555.72	3.59e-21
556.17	3.62e-21
556.61	3.65e-21
557.06	3.68e-21
557.51	3.72e-21
557.96	3.76e-21
558.41	3.80e-21
558.86	3.85e-21
559.31	3.89e-21
559.76	3.93e-21
560.20	3.98e-21
560.65	4.02e-21
561.10	4.06e-21
561.55	4.10e-21
562.00	4.15e-21
562.45	4.19e-21
562.90	4.22e-21
563.34	4.26e-21
563.79	4.30e-21
564.24	4.33e-21
564.69	4.36e-21
565.14	4.38e-21
565.59	4.41e-21
566.03	4.44e-21
566.48	4.47e-21
566.93	4.49e-21
567.38	4.51e-21
567.83	4.53e-21
568.27	4.56e-21
568.72	4.58e-21
569.17	4.61e-21
569.62	4.63e-21
570.07	4.66e-21
570.51	4.68e-21
570.96	4.70e-21
571.41	4.72e-21
571.86	4.75e-21
572.31	4.76e-21
572.75	4.78e-21
573.20	4.79e-21
573.65	4.79e-21
574.10	4.80e-21
574.55	4.80e-21
574.99	4.80e-21
575.44	4.79e-21
575.89	4.78e-21
576.34	4.77e-21
576.78	4.76e-21
577.23	4.74e-21
577.68	4.72e-21
578.13	4.70e-21
578.57	4.68e-21
579.02	4.66e-21
579.47	4.64e-21
579.92	4.62e-21
580.36	4.60e-21
580.81	4.58e-21
581.26	4.56e-21
581.70	4.54e-21
582.15	4.52e-21
582.60	4.50e-21
583.05	4.49e-21
583.49	4.47e-21
583.94	4.46e-21
584.39	4.45e-21
584.84	4.44e-21
585.28	4.43e-21
585.73	4.42e-21
586.18	4.41e-21
586.62	4.41e-21
587.07	4.41e-21
587.52	4.41e-21
587.96	4.41e-21
588.41	4.41e-21
588.86	4.41e-21
589.30	4.42e-21
589.75	4.43e-21
590.20	4.44e-21
590.64	4.45e-21
591.09	4.47e-21
591.54	4.49e-21
591.98	4.50e-21
592.43	4.53e-21
592.88	4.56e-21
593.32	4.59e-21
593.77	4.63e-21
594.22	4.67e-21
594.66	4.70e-21
595.11	4.74e-21
595.56	4.78e-21
596.00	4.82e-21
596.45	4.86e-21
596.90	4.90e-21
597.34	4.94e-21
597.79	4.97e-21
598.23	5.01e-21
598.68	5.04e-21
599.13	5.07e-21
599.57	5.09e-21
600.02	5.12e-21
600.47	5.14e-21
600.91	5.16e-21
601.36	5.17e-21
601.80	5.18e-21
602.25	5.19e-21
602.70	5.19e-21
603.14	5.19e-21
603.59	5.18e-21
604.03	5.17e-21
604.48	5.16e-21
604.93	5.14e-21
605.37	5.11e-21
605.82	5.09e-21
606.26	5.06e-21
606.71	5.02e-21
607.15	4.99e-21
607.60	4.96e-21
608.05	4.92e-21
608.49	4.88e-21
608.94	4.85e-21
609.38	4.81e-21
609.83	4.77e-21
610.27	4.73e-21
610.72	4.69e-21
611.16	4.66e-21
611.61	4.62e-21
612.05	4.58e-21
612.50	4.55e-21
612.95	4.51e-21
613.39	4.47e-21
613.84	4.44e-21
614.28	4.40e-21
614.73	4.37e-21
615.17	4.34e-21
615.62	4.30e-21
616.06	4.27e-21
616.51	4.24e-21
616.95	4.21e-21
617.40	4.18e-21
617.84	4.16e-21
618.29	4.13e-21
618.73	4.10e-21
619.18	4.08e-21
619.62	4.05e-21
620.07	4.03e-21
620.51	4.01e-21
620.96	3.99e-21
621.40	3.97e-21
621.85	3.95e-21
622.29	3.93e-21
622.74	3.91e-21
623.18	3.89e-21
623.63	3.87e-21
624.07	3.85e-21
624.51	3.83e-21
624.96	3.81e-21
625.40	3.78e-21
625.85	3.76e-21
626.29	3.74e-21
626.74	3.71e-21
627.18	3.69e-21
627.63	3.66e-21
628.07	3.64e-21
628.52	3.62e-21
628.96	3.60e-21
629.40	3.57e-21
629.85	3.55e-21
630.29	3.52e-21
630.74	3.50e-21
631.18	3.47e-21
631.62	3.45e-21
632.07	3.42e-21
632.51	3.40e-21
632.96	3.37e-21
633.40	3.34e-21
633.85	3.32e-21
634.29	3.29e-21
634.73	3.26e-21
635.18	3.24e-21
635.62	3.21e-21
636.07	3.19e-21
636.51	3.16e-21
636.95	3.14e-21
637.40	3.11e-21
637.84	3.08e-21
638.28	3.06e-21
638.73	3.03e-21
639.17	3.00e-21
639.62	2.97e-21
640.06	2.95e-21
640.50	2.92e-21
640.95	2.89e-21
641.39	2.87e-21
641.83	2.84e-21
642.28	2.82e-21
642.72	2.79e-21
643.16	2.77e-21
643.61	2.75e-21
644.05	2.73e-21
644.49	2.71e-21
644.94	2.69e-21
645.38	2.68e-21
645.82	2.66e-21
646.27	2.64e-21
646.71	2.62e-21
647.15	2.60e-21
647.60	2.58e-21
648.04	2.57e-21
648.48	2.55e-21
648.93	2.53e-21
649.37	2.52e-21
649.81	2.50e-21
